c2 863 1134 883 1153 
c1 863 882 883 901 
c5 1013 882 1033 901 
c6 1014 1133 1034 1152 
c6 1162 1133 1182 1152 
c6 1311 1133 1331 1152 
c5 1163 882 1183 901 
c5 1312 882 1332 901 
c5 1461 882 1481 901 
c5 1611 882 1631 901 
c4 1461 1133 1481 1152 
c6 1610 1133 1630 1152 
c4 1760 1133 1780 1152 
c4 2059 1134 2079 1153 
c6 1909 1133 1929 1152 
c5 1761 882 1781 901 
c5 1910 882 1930 901 
c3 2060 882 2080 901 
c5 2209 882 2229 901 
c6 2209 1133 2229 1152 
c4 2358 1134 2378 1153 
c3 2359 882 2379 901 
c5 2509 882 2529 901 
c6 2508 1133 2528 1152 
c3 2658 882 2678 901 
c4 2658 1133 2678 1152 
c5 2837 890 2857 909 
c6 2716 1131 2736 1150 
c5 2931 958 2951 977 
