C1 729 533 783 579 
C1 729 879 780 938 
C1 1263 526 1334 589 
C1 1261 887 1315 938 
C1 1266 1245 1315 1299 
C1 729 1243 776 1299 
C1 720 1653 778 1711 
C1 1271 1653 1324 1714 
C1 1266 2014 1322 2070 
C1 729 2014 785 2072 
C1 724 2377 783 2433 
C1 1266 2379 1327 2438 
C1 722 2728 788 2779 
C1 1268 2733 1320 2787 
C1 727 3092 776 3140 
C1 1266 3092 1322 3148 
C1 724 3445 783 3506 
C1 1263 3448 1317 3509 
C1 720 3799 776 3862 
C1 1266 3804 1324 3870 
C1 720 4162 788 4221 
C1 2024 1360 2085 1419 
C1 2083 1719 2151 1787 
C1 2629 1721 2685 1777 
C1 2624 2082 2678 2143 
C1 2632 2440 2685 2501 
C1 2073 2082 2144 2145 
C1 2088 2445 2141 2501 
C1 2090 2797 2144 2855 
C1 2627 2794 2680 2865 
C1 2624 3153 2676 3221 
C1 2088 3158 2141 3216 
C2 1273 4167 1339 4233 
C2 2627 1438 2690 1501 
CC1 1400 509 1476 587 
CC1 1405 860 1473 955 
CC1 1407 1219 1463 1314 
CC1 1405 1636 1473 1719 
CC1 1398 1999 1476 2077 
CC1 1405 2353 1468 2443 
CC1 1402 2719 1466 2794 
CC1 1395 3072 1471 3155 
CC1 1400 3433 1468 3514 
CC1 1405 3789 1466 3872 
CC1 1407 4150 1471 4228 
CC1 2766 3140 2824 3226 
CC1 2766 2782 2827 2862 
CC1 2761 2421 2829 2504 
CC1 2759 2062 2822 2148 
CC1 2759 1704 2837 1799 
CC1 2759 1348 2832 1438 
