C2 1977 1070 2033 1144 
C2 1971 878 2015 940 
C2 937 878 989 946 
C2 941 1074 989 1148 
C2 949 1260 993 1324 
C2 945 1450 995 1516 
C2 2013 1252 2059 1316 
C2 2017 1448 2073 1512 
C2 2031 1652 2083 1722 
C2 2039 1828 2087 1896 
C2 2037 2028 2093 2096 
C2 2043 2202 2093 2268 
C2 2057 2408 2113 2474 
C2 945 2406 1001 2464 
C2 945 2204 995 2274 
C2 949 2018 1003 2080 
C2 955 1818 1015 1892 
C3 1947 2446 1999 2504 
C3 1795 2450 1847 2500 
C3 1199 2444 1265 2502 
C3 1059 2460 1109 2510 
C4 1823 842 1881 906 
C4 1153 844 1209 902 
C4 1605 2406 1655 2462 
C4 1605 2530 1651 2590 
C4 1601 2654 1653 2712 
C4 1337 2660 1395 2710 
C4 1199 2624 1253 2676 
C4 1349 2534 1395 2590 
C4 1355 2406 1391 2462 
