C1 1097 169 1142 217 
C1 1327 171 1372 224 
C1 1328 349 1375 401 
C1 1095 346 1147 399 
C1 1098 522 1145 572 
C1 1328 526 1377 581 
C1 1325 702 1375 754 
C1 1330 884 1378 936 
C1 1098 877 1143 931 
C1 1097 697 1147 756 
C1 1330 1062 1373 1114 
C1 1328 1236 1375 1292 
C1 1097 1239 1147 1286 
C1 1097 1056 1143 1107 
C1 1330 1421 1373 1466 
C1 1100 1417 1143 1462 
C1 1328 1596 1372 1647 
C1 1327 1777 1373 1827 
C1 1092 1771 1140 1817 
C1 1098 1592 1142 1639 
C1 1330 1952 1373 2001 
C1 1330 2131 1372 2181 
C1 1102 2124 1145 2179 
C1 1102 1949 1142 1996 
C1 1333 2314 1377 2357 
C1 1337 2484 1375 2534 
C1 1098 2479 1150 2527 
C1 1102 2307 1143 2351 
C1 1333 2669 1375 2712 
C1 1097 2659 1142 2711 
C1 1335 2837 1375 2891 
C1 1095 2840 1144 2883 
C1 1332 3024 1373 3069 
C1 1337 3139 1372 3184 
C1 1217 3134 1257 3181 
C1 1105 3132 1145 3179 
C1 1100 3019 1143 3059 
