C1 1696 493 1738 531 
C1 1341 499 1378 544 
C1 1304 683 1344 725 
C1 1695 685 1730 724 
C1 1303 875 1341 914 
C1 1699 875 1729 913 
C1 1699 1060 1730 1103 
C1 1303 1065 1340 1103 
C1 1699 1254 1731 1296 
C1 1306 1251 1340 1294 
C1 1699 1446 1730 1485 
C1 1306 1444 1338 1485 
C1 1306 1638 1338 1674 
C1 1699 1635 1728 1678 
C1 1699 1824 1733 1865 
C1 1301 1820 1341 1866 
C1 1308 2014 1339 2055 
C1 1701 2019 1729 2055 
C1 1700 2204 1728 2245 
C1 1703 2396 1730 2434 
C1 1303 2200 1338 2248 
C1 1309 2398 1340 2436 
C1 1306 2588 1341 2626 
C1 1696 2589 1733 2628 
C1 1700 2774 1733 2820 
C1 1698 2968 1731 3006 
C1 1309 2780 1338 2816 
C1 1306 2964 1339 3010 
C1 1699 3155 1731 3200 
C1 1306 3158 1340 3198 
C1 761 618 794 663 
C1 764 809 796 856 
C1 764 1001 795 1045 
C1 369 1003 403 1046 
C1 370 1254 405 1290 
C1 366 813 404 856 
C1 369 619 405 665 
C2 278 625 310 669 
C2 275 1001 311 1053 
C2 275 1260 310 1303 
C2 1208 485 1246 538 
C2 1209 678 1245 726 
C2 1209 1061 1248 1104 
C2 1213 1444 1249 1488 
C2 1214 1826 1248 1868 
C2 1213 2204 1248 2251 
C2 1210 2395 1246 2445 
C2 1211 2778 1246 2820 
C2 1210 3158 1249 3201 
C1 656 1261 690 1296 
