C1 1989 735 2027 771 
C1 1990 882 2025 918 
C1 1992 1098 2024 1135 
C1 1989 1327 2027 1366 
C1 1990 1559 2025 1589 
C1 1992 1778 2027 1823 
C1 1989 2016 2025 2049 
C1 1991 2243 2026 2276 
C1 2385 737 2413 769 
C1 2384 874 2415 908 
C1 2384 1107 2415 1135 
C1 2385 1333 2416 1362 
C1 2385 1559 2413 1588 
C1 2384 1790 2413 1820 
C1 2384 2018 2414 2049 
C1 2383 2246 2415 2277 
C1 2384 2487 2415 2525 
C1 1990 2495 2024 2523 
C1 2003 2682 2031 2710 
C1 2382 2698 2414 2727 
C1 2385 2926 2413 2956 
C1 2384 3151 2414 3185 
C1 1995 3153 2023 3186 
C1 1992 2926 2027 2958 
C1 1993 3380 2024 3411 
C1 2385 3381 2417 3410 
C1 2387 3609 2412 3642 
C1 2387 3836 2414 3868 
C1 2380 4060 2415 4090 
C1 2012 4099 2045 4129 
C1 1990 3837 2023 3867 
C1 1993 3606 2026 3644 
C2 2451 2220 2487 2259 
C2 1922 756 1959 785 
C2 1924 852 1954 885 
C2 2449 754 2484 786 
C2 2450 850 2486 890 
C2 1925 1314 1959 1344 
C2 2451 1312 2487 1345 
C2 1927 1769 1957 1800 
C2 2454 1766 2489 1802 
C2 1924 2226 1956 2254 
C2 1924 2473 1956 2504 
C2 2448 2466 2487 2506 
C2 2451 2674 2484 2709 
C2 1926 2677 1957 2708 
C2 1926 3134 1955 3166 
C2 2451 3133 2486 3163 
C2 1924 3590 1956 3622 
C2 2453 3591 2488 3620 
C2 2455 4047 2485 4076 
C2 1926 4046 1956 4076 
