c2 595 1662 639 1701 
c1 965 1664 1009 1703 
c1 987 1295 1031 1334 
c1 1314 1307 1358 1346 
c1 1383 1665 1427 1704 
c1 1862 1306 1906 1345 
c1 1862 1665 1906 1704 
c1 2226 1307 2270 1346 
c1 2591 1306 2635 1345 
c1 2956 1306 3000 1345 
c1 3320 1307 3364 1346 
c1 3686 1307 3730 1346 
c1 3684 1664 3728 1703 
c1 3684 2442 3728 2481 
c1 3685 2806 3729 2845 
c1 3320 2806 3364 2845 
c1 2956 2807 3000 2846 
c1 2591 2806 2635 2845 
c1 2227 2806 2271 2845 
c1 1862 2806 1906 2845 
c1 1862 2442 1906 2481 
c1 1324 2801 1368 2840 
c1 1309 2443 1353 2482 
c1 966 2806 1010 2845 
c1 984 2442 1028 2481 
c2 596 2439 640 2478 
