c2 534 2483 585 2526 
c2 681 2483 732 2526 
c1 535 2239 586 2282 
c1 683 2239 734 2282 
c1 783 2224 834 2267 
c1 782 2723 833 2766 
c1 1019 2224 1070 2267 
c1 1019 2723 1070 2766 
c1 1255 2722 1306 2765 
c1 1255 2223 1306 2266 
c1 683 2731 734 2774 
c1 535 2732 586 2775 
c1 1435 2224 1486 2267 
c1 1435 2723 1486 2766 
c1 1516 2695 1567 2738 
c3 1514 2279 1565 2322 
c3 2182 2279 2233 2322 
c3 2181 2695 2232 2738 
c4 1770 2278 1821 2321 
c4 2006 2278 2057 2321 
c4 2007 2695 2058 2738 
c4 1770 2695 1821 2738 
c4 2487 2280 2538 2323 
c4 2487 2695 2538 2738 
c4 2722 2278 2773 2321 
c4 2723 2695 2774 2738 
c3 2897 2279 2948 2322 
c3 2898 2695 2949 2738 
c4 3203 2279 3254 2322 
c4 3439 2279 3490 2322 
c4 3439 2695 3490 2738 
c4 3204 2695 3255 2738 
c3 3615 2279 3666 2322 
c3 3615 2695 3666 2738 
c1 3924 2279 3975 2322 
c1 4222 2279 4273 2322 
c1 4222 2723 4273 2766 
c1 3924 2723 3975 2766 
