c2 560 494 625 562 
c2 569 708 634 776 
c2 860 426 925 494 
c2 887 723 952 791 
c2 1060 722 1125 790 
c2 1303 722 1368 790 
c1 1076 542 1141 610 
c1 1303 541 1368 609 
c2 1528 723 1593 791 
c2 1762 722 1827 790 
c2 1992 723 2057 791 
c2 2214 723 2279 791 
c2 2225 442 2290 510 
c1 1543 542 1608 610 
c1 1760 541 1825 609 
c1 2007 541 2072 609 
c2 2503 472 2568 540 
c2 2491 705 2556 773 
c2 2491 842 2556 910 
c2 2398 1097 2463 1165 
c2 2392 1302 2457 1370 
c2 2395 1451 2460 1519 
c2 2496 1679 2561 1747 
c2 2171 1663 2236 1731 
c2 1995 1660 2060 1728 
c2 1757 1649 1822 1717 
c2 1521 1662 1586 1730 
c2 1284 1659 1349 1727 
c2 1065 1656 1130 1724 
c2 792 1670 857 1738 
c2 780 1501 845 1569 
c2 569 1709 634 1777 
c2 569 1500 634 1568 
c2 569 1293 634 1361 
c2 569 1100 634 1168 
c2 569 909 634 977 
c2 794 901 859 969 
