c2 3422 1573 3460 1601 
c1 3182 1496 3220 1524 
c2 3112 1611 3150 1639 
c1 3457 1496 3495 1524 
c1 3672 1496 3710 1524 
c2 3665 1634 3703 1662 
c4 3123 1281 3161 1309 
c4 3123 1094 3161 1122 
c3 3821 1517 3859 1545 
c3 3821 950 3859 978 
c1 3703 869 3741 897 
c1 3402 867 3440 895 
c1 3127 867 3165 895 
c1 2851 867 2889 895 
c1 2907 1500 2945 1528 
c2 3666 1799 3704 1827 
c2 3388 1799 3426 1827 
c1 3671 1939 3709 1967 
c3 3867 2007 3905 2035 
c1 3421 1924 3459 1952 
c1 3668 2499 3706 2527 
c3 3873 2450 3911 2478 
c1 3428 2497 3466 2525 
c1 3183 2501 3221 2529 
c1 2877 2496 2915 2524 
c1 2601 2496 2639 2524 
c1 3140 1999 3178 2027 
c2 3112 1824 3150 1852 
c1 2912 1941 2950 1969 
c1 2636 1941 2674 1969 
c1 2632 1500 2670 1528 
c4 2572 1281 2610 1309 
c4 2572 1094 2610 1122 
c1 2576 867 2614 895 
c1 2339 870 2377 898 
c1 2036 870 2074 898 
c4 2020 1094 2058 1122 
c4 2021 1280 2059 1308 
c1 2356 1500 2394 1528 
c1 2047 1510 2085 1538 
c2 2010 1634 2048 1662 
c2 2009 1804 2047 1832 
c1 2359 1941 2397 1969 
c1 2048 1925 2086 1953 
c1 2325 2497 2363 2525 
c1 2049 2497 2087 2525 
c1 1773 2565 1811 2593 
c1 1480 2567 1518 2595 
c1 1774 1926 1812 1954 
c1 1523 1933 1561 1961 
c1 1530 1803 1568 1831 
c1 1806 1803 1844 1831 
c2 1805 1635 1843 1663 
c2 1530 1636 1568 1664 
c1 1773 1504 1811 1532 
c1 1531 1501 1569 1529 
c1 1779 871 1817 899 
c1 1511 869 1549 897 
