c3 687 1650 718 1678 
c2 687 1443 718 1471 
c1 712 1275 743 1303 
c3 1235 1650 1266 1678 
c2 884 1444 915 1472 
c2 1067 1444 1098 1472 
c2 1250 1444 1281 1472 
c2 1432 1444 1463 1472 
c1 897 1275 928 1303 
c1 1079 1275 1110 1303 
c1 1262 1275 1293 1303 
c1 1444 1275 1475 1303 
c1 710 966 741 994 
c1 711 715 742 743 
c1 883 715 914 743 
c1 1065 715 1096 743 
c1 1248 715 1279 743 
c1 1431 715 1462 743 
c3 1783 1650 1814 1678 
c3 2331 1650 2362 1678 
c2 1615 1444 1646 1472 
c2 1797 1444 1828 1472 
c2 1980 1444 2011 1472 
c2 2163 1444 2194 1472 
c2 2345 1444 2376 1472 
c1 1627 1275 1658 1303 
c1 1810 1275 1841 1303 
c1 1992 1275 2023 1303 
c1 2175 1275 2206 1303 
c1 2358 1275 2389 1303 
c1 1613 715 1644 743 
c1 1796 715 1827 743 
c1 1979 715 2010 743 
c1 2161 715 2192 743 
c1 2344 715 2375 743 
c2 2425 1320 2456 1348 
