c2 1437 1670 1463 1686 
c2 1437 1539 1463 1555 
c2 1437 1433 1463 1449 
c2 1311 1670 1337 1686 
c1 1312 1541 1338 1557 
c2 1183 1670 1209 1686 
c2 1055 1670 1081 1686 
c1 1057 1541 1083 1557 
c1 1057 1328 1083 1344 
c1 1312 1328 1338 1344 
c2 1437 1326 1463 1342 
c2 1437 1113 1463 1130 
c1 1312 1115 1338 1132 
c2 1437 1220 1463 1236 
c2 1437 983 1463 999 
c2 1314 983 1340 999 
c1 1057 1115 1083 1132 
c1 1312 853 1338 869 
c1 1057 853 1083 869 
c1 1312 597 1338 614 
c1 1057 597 1083 614 
c1 1057 478 1083 494 
c1 1312 332 1338 348 
c1 954 597 980 614 
c1 741 581 767 598 
c1 954 853 980 869 
c1 741 853 767 869 
c1 954 1328 980 1344 
c1 734 1328 760 1344 
c1 954 1541 980 1557 
c1 734 1541 760 1557 
c2 953 1670 979 1686 
c2 847 1670 873 1686 
c2 740 1670 766 1686 
c2 634 1670 660 1686 
c2 527 1670 553 1686 
c2 400 1670 426 1686 
c1 529 1541 555 1557 
c1 529 1328 555 1344 
c3 321 1451 347 1467 
c1 529 1115 555 1132 
c1 529 853 555 869 
c1 529 616 555 632 
c1 273 616 299 632 
c1 273 853 299 869 
c1 273 1115 299 1132 
c1 273 1328 299 1344 
c2 269 1670 295 1686 
c2 269 1542 295 1558 
