c2 1324 908 1361 936 
c2 1233 1029 1270 1057 
c2 1472 907 1509 935 
c2 1683 909 1720 937 
c2 1155 1270 1192 1298 
c4 1392 1238 1429 1266 
c1 1669 1224 1706 1252 
c2 1156 1481 1193 1509 
c2 1156 1688 1193 1716 
c2 1152 1893 1189 1921 
c2 1156 2096 1193 2124 
c4 1432 2011 1469 2039 
c1 1642 2061 1679 2089 
c2 1155 2304 1192 2332 
c2 1250 2402 1287 2430 
c2 1435 2328 1472 2356 
c2 1667 2333 1704 2361 
c1 1843 2330 1880 2358 
c1 2038 2329 2075 2357 
c1 2233 2329 2270 2357 
c1 1833 969 1870 997 
c1 2028 969 2065 997 
c1 2223 969 2260 997 
c1 2418 969 2455 997 
c1 2613 968 2650 996 
c1 2807 968 2844 996 
c1 2432 2329 2469 2357 
c1 2620 2329 2657 2357 
c1 2814 2329 2851 2357 
c1 3009 2329 3046 2357 
c1 3152 2397 3189 2425 
c1 3410 2329 3447 2357 
c1 3002 968 3039 996 
c1 3179 968 3216 996 
c1 3410 970 3447 998 
c2 3565 968 3602 996 
c2 3837 907 3874 935 
c2 3982 913 4019 941 
c3 3529 1253 3566 1281 
c2 4054 1062 4091 1090 
c2 4054 1287 4091 1315 
c3 3527 1472 3564 1500 
c5 3789 1502 3826 1530 
c2 3998 1508 4035 1536 
c5 3789 1795 3826 1823 
c3 3529 1650 3566 1678 
c3 3527 1828 3564 1856 
c2 4048 1860 4085 1888 
c2 4049 2082 4086 2110 
c3 3530 2048 3567 2076 
c2 4044 2302 4081 2330 
c2 3974 2399 4011 2427 
c2 3751 2391 3788 2419 
c2 3598 2409 3635 2437 
