c2 408 643 442 664 
c1 411 310 445 331 
c1 601 310 635 331 
c1 790 310 824 331 
c2 599 643 633 664 
c2 789 643 823 664 
c2 292 833 326 854 
c2 408 833 442 854 
c2 599 833 633 854 
c2 789 833 823 854 
c2 226 1163 260 1184 
c1 411 1183 445 1204 
c1 601 1183 635 1204 
c1 791 1183 825 1204 
c1 980 1183 1014 1204 
c1 1170 1183 1204 1204 
c1 1360 1183 1394 1204 
c2 979 821 1013 842 
c2 1168 833 1202 854 
c2 1358 833 1392 854 
c2 979 643 1013 664 
c2 1168 643 1202 664 
c2 1358 643 1392 664 
c1 980 310 1014 331 
c1 1169 310 1203 331 
c1 1360 310 1394 331 
c1 1549 310 1583 331 
c1 1739 310 1773 331 
c1 1929 310 1963 331 
c2 1548 643 1582 664 
c2 1738 643 1772 664 
c2 1927 643 1961 664 
c2 1927 833 1961 854 
c2 1737 833 1771 854 
c2 1548 833 1582 854 
c2 1929 992 1963 1013 
c1 1549 1183 1583 1204 
c1 1739 1183 1773 1204 
c1 1929 1183 1963 1204 
c1 2118 1183 2152 1204 
c2 2119 992 2153 1013 
c2 2119 833 2153 854 
c2 2119 643 2153 664 
c1 2118 310 2152 331 
