c2 2015 1953 2051 1980 
c1 1674 1939 1710 1966 
c1 1623 2222 1659 2249 
c1 1237 2181 1273 2208 
c1 1235 1939 1271 1966 
c1 1235 1745 1271 1772 
c1 1633 1788 1669 1815 
c1 2017 1788 2053 1815 
c1 1276 1264 1312 1291 
c1 1636 1262 1672 1289 
c1 1632 1114 1668 1141 
c1 2023 1114 2059 1141 
c1 2407 1114 2443 1141 
c1 2791 1114 2827 1141 
c1 2785 1788 2821 1815 
c1 2401 1788 2437 1815 
c2 2402 1948 2438 1975 
c2 2783 1954 2819 1981 
c2 3150 1956 3186 1983 
c1 3161 1790 3197 1817 
c1 3177 1115 3213 1142 
c3 3135 1456 3171 1483 
