c2 146 712 172 734 
c2 240 712 266 734 
c2 334 712 360 734 
c2 526 712 552 734 
c2 429 712 455 734 
c2 145 877 171 899 
c2 240 877 266 899 
c2 334 877 360 899 
c2 428 877 454 899 
c2 526 877 552 899 
c2 621 712 647 734 
c2 715 712 741 734 
c2 905 712 931 734 
c2 810 712 836 734 
c2 999 712 1025 734 
c2 1038 712 1064 734 
c2 621 877 647 899 
c2 715 877 741 899 
c2 810 877 836 899 
c2 905 877 931 899 
c2 999 877 1025 899 
c2 1038 877 1064 899 
c2 1157 712 1183 734 
c2 1195 712 1221 734 
c2 1289 712 1315 734 
c2 1383 712 1409 734 
c2 1478 712 1504 734 
c2 1572 712 1598 734 
c2 1157 877 1183 899 
c2 1195 877 1221 899 
c2 1289 877 1315 899 
c2 1383 877 1409 899 
c2 1478 877 1504 899 
c2 1571 877 1597 899 
c2 1667 712 1693 734 
c2 1762 712 1788 734 
c2 1856 712 1882 734 
c2 1951 712 1977 734 
c2 2045 712 2071 734 
c2 2140 712 2166 734 
c2 2140 877 2166 899 
c2 2045 877 2071 899 
c2 1951 877 1977 899 
c2 1856 877 1882 899 
c2 1762 877 1788 899 
c2 1667 877 1693 899 
c2 2236 712 2262 734 
c2 2236 877 2262 899 
