c4 676 1753 713 1780 
c4 1057 1752 1094 1779 
c1 333 1751 370 1778 
c1 331 1076 368 1103 
c1 674 1076 711 1103 
c1 1078 1077 1115 1104 
c1 1249 1077 1286 1104 
c1 1631 1082 1668 1109 
c1 1809 1078 1846 1105 
c4 1249 1748 1286 1775 
c4 1637 1753 1674 1780 
c4 1824 1748 1861 1775 
c3 1246 1990 1283 2017 
c3 1630 1991 1667 2018 
c4 2212 1749 2249 1776 
c4 2594 1749 2631 1776 
c1 2205 1079 2242 1106 
c1 2590 1079 2627 1106 
c1 2976 1078 3013 1105 
c1 3360 1078 3397 1105 
c4 2979 1750 3016 1777 
c4 3361 1749 3398 1776 
c2 2598 1905 2635 1932 
c2 2976 1902 3013 1929 
c2 3361 1904 3398 1931 
c2 3740 1904 3777 1931 
c4 3743 1748 3780 1775 
c4 4127 1752 4164 1779 
c1 4127 1857 4164 1884 
c1 4089 2155 4126 2182 
c1 3743 1078 3780 1105 
c1 4126 1075 4163 1102 
c1 4131 1222 4168 1249 
c1 4527 1265 4564 1292 
c4 4441 1716 4478 1743 
c1 4447 1917 4484 1944 
c1 4523 2167 4560 2194 
