c6 232 919 252 935 
c6 232 955 252 971 
c6 232 998 252 1014 
c6 316 992 336 1008 
c6 316 955 336 971 
c6 316 919 336 935 
c5 232 885 252 901 
c5 316 885 336 901 
c5 394 885 414 901 
c5 470 885 490 901 
c5 236 802 256 818 
c5 310 802 330 818 
c5 470 802 490 818 
c5 232 726 252 742 
c5 310 726 330 742 
c5 394 726 414 742 
c5 470 726 490 742 
c5 552 726 572 742 
c5 552 885 572 901 
c5 634 885 654 901 
c5 634 802 654 818 
c5 634 726 654 742 
c5 710 726 730 742 
c5 710 885 730 901 
c5 791 885 811 901 
c5 791 802 811 818 
c5 791 726 811 742 
c5 872 726 892 742 
c5 872 885 892 901 
c5 947 726 967 742 
c5 991 726 1011 742 
c5 947 885 967 901 
c5 991 885 1011 901 
c5 1081 885 1101 901 
c5 1081 726 1101 742 
c5 1116 726 1136 742 
c5 1116 885 1136 901 
c5 1191 885 1211 901 
c5 1191 726 1211 742 
c5 1268 726 1288 742 
c5 1268 800 1288 817 
c5 1268 885 1288 901 
c6 950 919 970 935 
c6 950 955 970 971 
c6 950 996 970 1012 
c6 988 955 1008 971 
c6 988 919 1008 935 
c6 1079 919 1099 935 
c6 1079 955 1099 971 
c6 1116 919 1136 935 
c6 1116 955 1136 971 
c6 1116 992 1136 1008 
c5 1359 726 1379 742 
c5 1427 726 1447 742 
c5 1511 726 1531 742 
c5 1359 885 1379 901 
c5 1427 800 1447 817 
c5 1592 800 1612 817 
c5 1592 726 1612 742 
c5 1664 726 1684 742 
c5 1423 885 1443 901 
c5 1511 885 1531 901 
c5 1592 885 1612 901 
c5 1664 885 1684 901 
c5 1750 800 1770 817 
c5 1748 726 1768 742 
c5 1824 722 1844 738 
c5 1750 885 1770 901 
c5 1824 885 1844 901 
c6 1747 919 1767 935 
c6 1747 955 1767 971 
c6 1830 919 1850 935 
c6 1830 955 1850 971 
c6 1830 992 1850 1008 
c6 1746 998 1766 1014 
c4 1903 885 1924 901 
c4 1906 800 1926 817 
c4 1983 885 2004 901 
c4 2063 885 2084 901 
c1 1906 928 1926 944 
c4 2064 800 2084 817 
c4 2065 717 2086 733 
c4 1985 717 2006 733 
c4 1906 717 1927 733 
c1 2142 928 2162 944 
c1 2253 928 2273 944 
c3 2142 884 2162 900 
c3 2144 717 2164 733 
c2 2214 884 2234 900 
