c4 2416 1364 2448 1391 
c4 2416 1727 2448 1754 
c4 2416 1026 2448 1053 
c4 2885 1026 2917 1053 
c4 2885 1342 2917 1369 
c4 2885 1727 2917 1754 
c4 2885 2238 2917 2265 
c4 2416 2238 2448 2265 
c1 3119 1357 3151 1384 
c1 3344 1357 3376 1384 
c1 3568 1357 3600 1384 
c1 3119 1727 3151 1754 
c1 3344 1727 3376 1754 
c1 3568 1727 3600 1754 
c1 3793 1357 3825 1384 
c1 4018 1357 4050 1384 
c1 4242 1357 4274 1384 
c1 4243 1727 4275 1754 
c3 4012 1727 4045 1754 
c1 4445 1357 4477 1384 
c5 4439 1727 4471 1754 
c2 4806 1337 4838 1364 
c2 4806 1722 4838 1749 
c3 2195 1727 2227 1754 
c1 2200 1357 2232 1384 
c1 1975 1357 2007 1384 
c1 1975 1727 2007 1754 
c3 1746 1727 1778 1754 
c1 1750 1357 1782 1384 
c1 1526 1357 1558 1384 
c1 1526 1727 1558 1754 
c1 1301 1357 1333 1384 
c1 1076 1357 1108 1384 
c1 1076 1727 1108 1754 
c1 1301 1727 1333 1754 
c1 878 1712 910 1739 
c1 879 1342 911 1369 
c1 497 1712 529 1739 
c2 702 1542 734 1569 
c2 513 1337 545 1364 
c1 497 1904 529 1931 
c1 864 1904 896 1931 
