c2 494 521 525 547 
c3 271 659 302 685 
c1 497 343 528 369 
c1 663 343 694 369 
c2 493 1110 524 1136 
c3 270 979 301 1005 
c1 464 1328 495 1354 
c1 663 1328 694 1354 
c1 804 1328 835 1354 
c1 950 1328 981 1354 
c1 1098 1328 1129 1354 
c1 1238 1328 1269 1354 
c1 804 343 835 369 
c1 951 343 982 369 
c1 1098 343 1129 369 
c1 1238 343 1269 369 
c1 1379 343 1410 369 
c1 1525 343 1556 369 
c1 1662 343 1693 369 
c1 1809 343 1840 369 
c1 1379 1328 1410 1354 
c1 1525 1328 1556 1354 
c1 1662 1328 1693 1354 
c1 1809 1328 1840 1354 
