c2 1279 1221 1302 1240 
c2 1112 1221 1135 1240 
c2 1447 1221 1470 1240 
c2 1615 1221 1638 1240 
c1 1112 884 1135 903 
c1 1280 884 1303 903 
c1 1448 884 1471 903 
c1 1615 884 1638 903 
c1 1615 1571 1638 1590 
c1 1448 1571 1471 1590 
c1 1280 1571 1303 1590 
c1 1112 1571 1135 1590 
c2 1447 1794 1470 1813 
c2 1279 1794 1302 1813 
c1 1783 1571 1806 1590 
c1 1951 1571 1974 1590 
c1 2118 1571 2141 1590 
c2 1782 1221 1805 1240 
c2 1950 1221 1973 1240 
c2 2118 1221 2141 1240 
c1 1783 884 1806 903 
c1 1951 884 1974 903 
c1 2118 884 2141 903 
c1 2286 884 2309 903 
c1 2454 884 2477 903 
c2 2285 1221 2308 1240 
c2 2453 1221 2476 1240 
c1 2286 1571 2309 1590 
c1 2454 1571 2477 1590 
