c2 905 1390 928 1409 
c2 989 1391 1012 1410 
c2 894 1562 917 1581 
c2 1038 1562 1061 1581 
c2 1240 1559 1263 1578 
c2 1240 1391 1263 1410 
c1 1430 1446 1453 1465 
c1 1430 1773 1453 1792 
c2 855 1874 878 1893 
c2 989 1874 1012 1893 
c2 1240 1874 1263 1893 
c1 1619 1773 1642 1792 
c1 1807 1773 1830 1792 
c1 1996 1773 2019 1792 
c1 1619 1446 1642 1465 
c1 1807 1446 1830 1465 
c1 1996 1446 2019 1465 
c1 2185 1446 2208 1465 
c1 2373 1446 2396 1465 
c1 2185 1773 2208 1792 
c1 2373 1773 2396 1792 
c1 2664 1735 2687 1754 
c1 2664 1442 2687 1461 
