c1 1014 792 1037 811 
c2 1037 1046 1060 1065 
c2 679 1043 702 1062 
c2 1015 1171 1038 1190 
c2 668 1178 691 1197 
c2 679 1327 702 1346 
c2 1015 1322 1038 1341 
c2 1015 1473 1038 1492 
c2 679 1478 702 1497 
c2 679 1629 702 1648 
c2 1015 1625 1038 1644 
c2 1011 1830 1034 1849 
c1 667 1851 690 1870 
c3 1180 1815 1203 1834 
c3 1347 1815 1370 1834 
c3 1515 1815 1538 1834 
c1 1180 1618 1203 1637 
c1 1347 1618 1370 1637 
c1 1515 1619 1538 1638 
c1 1175 1169 1198 1188 
c1 1343 1169 1366 1188 
c1 1511 1169 1534 1188 
c2 1182 1043 1205 1062 
c2 1349 1043 1372 1062 
c2 1517 1043 1540 1062 
c1 1180 792 1203 811 
c1 1347 792 1370 811 
c1 1515 792 1538 811 
c1 1683 792 1706 811 
c3 1850 792 1873 811 
c3 2018 792 2041 811 
c1 1678 1169 1701 1188 
c1 1850 1173 1873 1192 
c1 2018 1173 2041 1192 
c1 1683 1619 1706 1638 
c1 1850 1619 1873 1638 
c1 2018 1619 2041 1638 
c3 1683 1815 1706 1834 
c3 1850 1815 1873 1834 
c3 2018 1815 2041 1834 
c1 2186 1619 2209 1638 
c1 2353 1618 2376 1637 
c1 2521 1619 2544 1638 
c3 2186 1815 2209 1834 
c3 2353 1815 2376 1834 
c3 2521 1815 2544 1834 
c1 2181 1169 2204 1188 
c1 2349 1169 2372 1188 
c1 2517 1169 2540 1188 
c2 2357 1043 2380 1062 
c2 2525 1043 2548 1062 
c1 2186 792 2209 811 
c1 2353 792 2376 811 
c1 2521 792 2544 811 
c1 2689 792 2712 811 
c1 2852 792 2875 811 
c2 2693 1043 2716 1062 
c2 2852 1046 2875 1065 
c2 2889 1175 2912 1194 
c2 2889 1326 2912 1345 
c1 2684 1169 2707 1188 
c1 2689 1619 2712 1638 
c2 2889 1476 2912 1495 
c2 2889 1629 2912 1648 
c3 2689 1814 2712 1833 
c2 2897 1830 2920 1849 
c2 3182 1629 3205 1648 
c1 3245 1851 3268 1870 
c2 3182 1478 3205 1497 
c2 3182 1327 3205 1346 
c2 3183 1178 3206 1197 
c2 3196 1044 3219 1063 
