c2 1973 1409 2009 1433 
c3 2248 1409 2284 1433 
c2 2150 1409 2186 1433 
c1 1973 1311 2009 1335 
c1 2150 1311 2186 1335 
c1 2327 1311 2363 1335 
c3 2248 1586 2284 1610 
c1 2485 1311 2521 1335 
c1 2642 1311 2678 1335 
c1 2351 1409 2387 1433 
c1 2642 1410 2678 1434 
c1 2351 1587 2387 1611 
c1 2642 1587 2678 1611 
c1 2151 1016 2187 1040 
c1 2328 1016 2364 1040 
c1 2485 1016 2521 1040 
c1 2643 1016 2679 1040 
c1 1973 1016 2009 1040 
c1 1796 1016 1832 1040 
c1 1619 1016 1655 1040 
c1 1442 1016 1478 1040 
c1 1796 1311 1832 1335 
c1 1619 1311 1655 1335 
c1 1442 1311 1478 1335 
c2 1796 1409 1832 1433 
c2 1619 1409 1655 1433 
c2 1442 1410 1478 1434 
c1 1265 1016 1301 1040 
c1 1088 1016 1124 1040 
c1 1087 1311 1123 1335 
c1 1264 1311 1300 1335 
c1 910 1311 946 1335 
c1 910 1016 946 1040 
