c3 1526 853 1550 874 
c5 1526 939 1550 960 
c5 1674 939 1698 960 
c5 1931 939 1955 960 
c3 1378 853 1402 874 
c2 1374 893 1398 914 
c1 1232 975 1256 996 
c1 1133 975 1157 996 
c1 1035 975 1059 996 
c5 1930 1246 1954 1267 
c5 1673 1247 1697 1268 
c5 1526 1247 1550 1268 
c5 1379 1246 1403 1267 
c4 1522 1273 1546 1294 
c4 1375 1273 1399 1294 
c4 1228 1273 1252 1294 
c1 1232 1233 1256 1254 
c1 1134 1233 1158 1254 
c1 1035 1233 1059 1254 
c1 937 1233 961 1254 
c1 937 975 961 996 
c1 839 975 863 996 
c1 741 975 765 996 
c1 640 975 664 996 
c1 839 1233 863 1254 
c1 741 1233 765 1254 
c1 640 1233 664 1254 
c4 647 1273 671 1294 
c1 499 1030 523 1051 
c1 499 1147 523 1168 
c1 383 1030 407 1051 
c1 383 1147 407 1168 
c1 383 1302 407 1323 
c1 499 1302 523 1323 
c5 2078 939 2102 960 
c5 2078 1247 2102 1268 
c5 2225 1247 2249 1268 
c3 2078 853 2102 874 
c3 2226 853 2250 874 
c2 2230 893 2254 914 
c4 2081 1273 2105 1294 
c4 2228 1273 2252 1294 
c4 2375 1273 2399 1294 
c1 2376 975 2400 996 
c1 2473 975 2497 996 
c1 2571 975 2595 996 
c1 2375 1233 2399 1254 
c1 2474 1233 2498 1254 
c1 2670 975 2694 996 
c1 2768 975 2792 996 
c1 2866 975 2890 996 
c1 2967 975 2991 996 
c1 2572 1233 2596 1254 
c1 2670 1233 2694 1254 
c1 2768 1233 2792 1254 
c1 2866 1233 2890 1254 
c1 2967 1233 2991 1254 
c4 2956 1273 2980 1294 
c1 3108 1302 3132 1323 
c1 3224 1302 3248 1323 
c1 3108 1030 3132 1051 
c1 3224 1030 3248 1051 
c1 3109 1147 3133 1168 
c1 3224 1147 3248 1168 
