c5 1403 1017 1444 1050 
c5 1639 1017 1680 1050 
c5 1876 1017 1917 1050 
c2 1056 1239 1097 1272 
c2 1056 956 1097 989 
c1 1107 637 1148 670 
c1 1404 637 1445 670 
c1 1641 637 1682 670 
c1 1877 637 1918 670 
c1 2114 637 2155 670 
c5 2112 1017 2153 1050 
c5 2348 1017 2389 1050 
c5 2584 1017 2625 1050 
c1 2349 637 2390 670 
c1 2586 637 2627 670 
c1 2822 637 2863 670 
c1 2869 957 2910 990 
c1 2869 1524 2910 1557 
c1 3099 1757 3140 1790 
c1 2793 1756 2834 1789 
c1 2598 1757 2639 1790 
c1 2362 1757 2403 1790 
c1 2126 1757 2167 1790 
c1 1889 1757 1930 1790 
c2 1652 1859 1693 1892 
c2 1416 1859 1457 1892 
c2 1118 1859 1159 1892 
c2 1056 1523 1097 1556 
c1 1913 2090 1954 2123 
c1 1887 2460 1928 2493 
c4 2121 2460 2162 2493 
c4 2357 2460 2398 2493 
c1 2596 2460 2637 2493 
c3 2119 2141 2160 2174 
c3 2355 2141 2396 2174 
c3 2592 2141 2633 2174 
c1 2832 2460 2873 2493 
c1 3096 2460 3137 2493 
c1 3055 2141 3096 2174 
c1 2797 2141 2838 2174 
