C1 1209 3681 1264 3746 
C1 1570 3670 1634 3734 
C1 791 2782 855 2846 
C1 2297 2856 2361 2920 
C1 2193 3646 2257 3710 
C1 850 3184 914 3248 
C1 1023 3378 1087 3442 
C1 1019 3519 1083 3583 
C1 1926 3748 1990 3812 
C1 1513 3819 1577 3883 
C1 2429 3342 2493 3406 
C1 2066 2121 2130 2185 
C1 1726 2043 1790 2107 
C1 1417 2103 1481 2167 
C1 915 2460 979 2524 
C1 1090 2264 1154 2328 
C1 1329 2295 1393 2359 
C1 2344 2356 2408 2420 
C1 2513 2674 2577 2738 
C1 2536 3027 2600 3091 
C3 2881 2750 2934 2811 
C3 1567 1866 1620 1927 
C3 1986 1754 2039 1815 
C3 2334 2176 2387 2237 
C3 1895 1934 1948 1995 
C3 2430 2036 2483 2097 
C3 2699 2283 2752 2344 
C3 2718 4056 2771 4117 
C3 2345 3536 2398 3597 
C3 2430 3434 2483 3495 
C3 2488 3715 2541 3776 
C3 2953 3957 3006 4018 
C3 2647 3505 2700 3566 
C3 2755 3243 2808 3304 
C3 748 2658 801 2719 
C3 796 2513 849 2574 
C3 512 3376 565 3437 
C3 520 3042 573 3103 
C3 510 2676 563 2737 
C3 436 2344 489 2405 
C3 439 1913 492 1974 
C3 713 1960 766 2021 
C3 1218 1964 1271 2025 
C3 909 1962 962 2023 
C2 638 2103 693 2152 
C4 687 2419 734 2481 
C9 805 2246 852 2308 
C4 685 2981 732 3043 
C4 687 2678 734 2740 
C9 703 2244 750 2306 
C9 866 2051 913 2113 
C5 2760 3670 2819 3726 
C7 2877 3387 2934 3442 
C8 2881 3654 2936 3707 
