c2 1325 764 1362 788 
c5 958 852 995 876 
c3 958 749 995 773 
c1 958 493 995 517 
c1 1142 493 1179 517 
c1 1325 493 1362 517 
c1 1508 493 1545 517 
c2 1325 1023 1362 1047 
c4 958 1032 995 1056 
c2 1325 1283 1362 1307 
c4 958 1291 995 1315 
c5 958 1455 995 1479 
c1 958 1542 995 1566 
c1 1141 1543 1178 1567 
c1 1325 1543 1362 1567 
c1 1508 1542 1545 1566 
c1 1691 1542 1728 1566 
c1 1874 1542 1911 1566 
c6 1508 1769 1545 1793 
c1 2058 1542 2095 1566 
c1 2241 1542 2278 1566 
c6 2058 1769 2095 1793 
c1 1691 493 1728 517 
c1 1874 493 1911 517 
c1 2058 493 2095 517 
c1 2241 493 2278 517 
c1 2424 493 2461 517 
c1 2607 493 2644 517 
c1 2424 1542 2461 1566 
c1 2607 1543 2644 1567 
c2 2608 1348 2645 1372 
c2 2608 1153 2645 1177 
c2 2608 959 2645 983 
c4 2608 764 2645 788 
