C1 863 338 900 378 
C1 865 504 900 543 
C1 863 1511 898 1550 
C1 861 1376 896 1415 
C1 866 1246 901 1285 
C1 864 1059 899 1098 
C1 862 842 897 881 
C1 1258 501 1293 540 
C1 863 928 898 967 
C1 1256 673 1296 718 
C1 1258 335 1293 374 
C1 863 672 898 711 
C1 863 2040 898 2079 
C1 862 1926 897 1965 
C1 1308 1370 1343 1409 
C1 1258 929 1293 968 
C1 1261 1076 1296 1115 
C1 1260 1369 1295 1408 
C1 1259 1786 1294 1825 
C1 1260 1531 1295 1570 
C1 866 1654 901 1693 
C1 861 1796 896 1835 
C1 863 2193 898 2232 
C1 864 2331 899 2370 
C1 865 2471 900 2510 
C1 859 2600 894 2639 
C1 866 2777 901 2816 
C1 866 2893 901 2932 
C1 1259 2891 1294 2930 
C1 1260 843 1295 882 
C1 1260 2189 1295 2228 
C1 1311 2333 1346 2372 
C1 1262 2330 1297 2369 
C1 1314 2471 1349 2510 
C1 1261 2474 1296 2513 
C1 1308 2610 1343 2649 
C1 1261 2615 1296 2654 
C1 1308 2754 1343 2793 
C1 1255 2750 1290 2789 
C1 1307 2890 1342 2929 
C1 1262 1223 1297 1262 
C1 1261 1655 1296 1694 
C1 1259 1939 1294 1978 
C1 1261 2054 1296 2093 
C1 1313 2050 1348 2089 
C1 1310 2193 1345 2232 
C1 1314 1793 1349 1832 
C1 1312 1657 1347 1696 
C1 1310 1513 1345 1552 
C1 1310 1222 1345 1261 
C1 1315 1074 1350 1113 
C1 1310 927 1345 966 
C1 1311 840 1346 879 
C1 1310 666 1345 705 
C1 1313 504 1348 543 
C1 1308 332 1343 371 
C1 1312 1926 1347 1965 
C2 1498 582 1530 612 
C2 1490 2669 1528 2710 
