c1 639 1046 678 1070 
c1 731 1046 770 1070 
c1 639 1154 678 1178 
c1 639 1262 678 1286 
c1 642 1332 681 1356 
c1 731 1154 770 1178 
c1 731 1262 770 1286 
c1 731 1332 770 1356 
c1 864 1332 903 1356 
c1 819 1262 858 1286 
c1 908 1262 947 1286 
c1 819 1046 858 1070 
c1 908 1046 947 1070 
c1 996 1046 1035 1070 
c1 997 1262 1036 1286 
c1 1085 1046 1124 1070 
c1 1085 1262 1124 1286 
c1 1129 1333 1168 1357 
c1 1174 1262 1213 1286 
c1 1174 1046 1213 1070 
c1 1262 1046 1301 1070 
c1 1262 1262 1301 1286 
c1 1351 1262 1390 1286 
c1 1350 1046 1389 1070 
c1 1395 1333 1434 1357 
c1 1439 1262 1478 1286 
c1 1439 1046 1478 1070 
c1 1528 1046 1567 1070 
c1 1616 1046 1655 1070 
c1 1616 1262 1655 1286 
c1 1705 1046 1744 1070 
c1 1794 1046 1833 1070 
c1 1882 1046 1921 1070 
c1 1971 1046 2010 1070 
c1 2059 1046 2098 1070 
c1 2148 1046 2187 1070 
c1 2237 1046 2276 1070 
c1 2325 1046 2364 1070 
c1 1705 1262 1744 1286 
c1 1794 1262 1833 1286 
c1 1882 1262 1921 1286 
c1 1971 1262 2010 1286 
c1 1661 1332 1700 1356 
c1 1927 1332 1966 1356 
c1 2060 1262 2099 1286 
c1 2148 1262 2187 1286 
c1 2237 1262 2276 1286 
c1 2192 1332 2231 1356 
c1 2325 1262 2364 1286 
c1 2414 1262 2453 1286 
c1 2413 1046 2452 1070 
c1 2502 1046 2541 1070 
c1 2591 1046 2630 1070 
c1 2679 1046 2718 1070 
c1 2768 1046 2807 1070 
c1 2857 1046 2896 1070 
c1 2945 1046 2984 1070 
c1 2857 1154 2896 1178 
c1 2945 1154 2984 1178 
c1 2945 1262 2984 1286 
c1 2856 1262 2895 1286 
c1 2768 1262 2807 1286 
c1 2679 1262 2718 1286 
c1 2591 1262 2630 1286 
c1 2502 1262 2541 1286 
c1 2458 1333 2497 1357 
c1 2724 1332 2763 1356 
c1 2857 1333 2896 1357 
c1 2945 1333 2984 1357 
c1 1528 1262 1567 1286 
