c2 2558 276 2594 299 
c1 2659 276 2695 299 
c1 2956 276 2992 299 
c1 2956 453 2992 476 
c1 2658 453 2694 476 
c2 2558 453 2594 476 
c2 2558 630 2594 653 
c1 2659 630 2695 653 
c1 2956 630 2992 653 
c2 2558 807 2594 831 
c1 2659 807 2695 831 
c1 2658 984 2694 1008 
c2 2558 984 2594 1008 
c1 2956 807 2992 831 
c1 2956 984 2992 1008 
c1 2956 1161 2992 1185 
c1 2659 1161 2695 1185 
c2 2558 1161 2594 1185 
c2 2558 1338 2594 1362 
c1 2659 1339 2695 1363 
c1 2956 1338 2992 1362 
c2 2558 1515 2594 1539 
c1 2659 1515 2695 1539 
c1 2956 1515 2992 1539 
c1 2956 1712 2992 1736 
c1 2659 1712 2695 1736 
c2 2558 1909 2594 1933 
c1 2659 1909 2695 1933 
c1 2956 1909 2992 1933 
c2 2558 2086 2594 2110 
c1 2659 2086 2695 2110 
c1 2956 2086 2992 2110 
c2 2558 2263 2594 2287 
c1 2659 2263 2695 2287 
c1 2956 2264 2992 2288 
c1 2394 1158 2430 1182 
c1 2209 1329 2245 1353 
c1 2387 1515 2423 1539 
c1 2209 1516 2245 1540 
c1 2387 1807 2423 1831 
c1 2209 1807 2245 1831 
c2 2387 1909 2423 1933 
c2 2209 1909 2245 1933 
c1 2032 1515 2068 1539 
c1 1855 1515 1891 1539 
c1 2032 1808 2068 1832 
c1 1855 1808 1891 1832 
c2 2032 1909 2068 1933 
c2 1855 1909 1891 1933 
c2 1678 1909 1714 1933 
c2 1501 1909 1537 1933 
c1 1678 1808 1714 1832 
c1 1501 1808 1537 1832 
c1 1678 1515 1714 1539 
c1 1501 1515 1537 1539 
c1 1324 1516 1360 1540 
c1 1146 1515 1182 1539 
c1 1324 1807 1360 1831 
c1 1146 1808 1182 1832 
c2 1324 1909 1360 1933 
c2 1146 1909 1182 1933 
c1 969 1808 1005 1832 
c1 792 1808 828 1832 
c2 969 1909 1005 1933 
c2 825 1909 861 1933 
c1 726 1909 762 1933 
c2 825 2087 861 2111 
c1 726 2088 762 2112 
c2 825 2264 861 2288 
c1 726 2264 762 2288 
c1 969 1515 1005 1539 
c1 792 1515 828 1539 
c1 615 1515 651 1539 
c1 429 1515 465 1539 
c1 615 1808 651 1832 
c1 429 1807 465 1831 
c1 429 1909 465 1933 
c1 429 2088 465 2112 
c1 429 2265 465 2289 
