c2 1063 1619 1099 1643 
c2 1210 1619 1246 1643 
c1 1063 1516 1099 1540 
c1 1063 1227 1099 1251 
c1 1210 1227 1246 1251 
c1 1210 1517 1246 1541 
c1 1358 1516 1394 1540 
c1 1358 1227 1394 1251 
c1 1535 1227 1571 1251 
c1 1712 1227 1748 1251 
c1 1535 1516 1571 1540 
c1 1712 1516 1748 1540 
c2 1358 1619 1394 1643 
c2 1535 1618 1571 1642 
c2 1712 1619 1748 1643 
c1 1889 1227 1925 1251 
c1 2066 1227 2102 1251 
c1 2244 1227 2280 1251 
c1 1889 1517 1925 1541 
c1 2067 1516 2103 1540 
c1 2244 1516 2280 1540 
c2 1889 1619 1925 1643 
c2 2066 1619 2102 1643 
c2 2244 1618 2280 1642 
c1 2421 1227 2457 1251 
c1 2598 1227 2634 1251 
c1 2421 1516 2457 1540 
c1 2598 1516 2634 1540 
c2 2421 1619 2457 1643 
c2 2598 1619 2634 1643 
