C1 1125 2190 1171 2225 
C1 1129 2339 1175 2374 
C1 3659 2343 3705 2378 
C1 3659 2192 3705 2227 
C2 3411 2343 3459 2381 
C2 2902 2339 2950 2377 
C2 2393 2344 2441 2382 
C2 1878 2341 1926 2379 
C2 1370 2341 1418 2379 
C3 1378 2120 1418 2155 
C3 3416 2194 3456 2229 
C6 1373 1766 1415 1797 
C6 3415 1764 3457 1795 
C7 1630 1764 1676 1799 
C7 1884 1764 1930 1799 
C7 2136 1765 2182 1800 
C7 2392 1765 2438 1800 
C7 2648 1761 2694 1796 
C7 2902 1761 2948 1796 
C7 3158 1764 3204 1799 
C4 1625 2190 1667 2224 
C4 2137 2193 2179 2227 
C4 3159 2192 3201 2226 
C4 2647 2187 2689 2221 
C5 1885 2188 1922 2222 
C5 2397 2191 2434 2225 
C5 2904 2189 2941 2223 
