c2 762 1193 798 1216 
c1 757 1088 793 1111 
c1 760 797 796 820 
c1 937 797 973 820 
c1 1115 797 1151 820 
c1 1292 797 1328 820 
c1 937 1088 973 1111 
c1 1115 1088 1151 1111 
c1 1292 1088 1328 1111 
c2 939 1193 975 1216 
c2 1116 1193 1152 1216 
c2 1294 1193 1330 1216 
c1 1469 797 1505 820 
c1 1646 797 1682 820 
c1 1823 797 1859 820 
c1 1468 1088 1504 1111 
c1 1646 1088 1682 1111 
c1 1823 1088 1859 1111 
c2 1471 1193 1507 1216 
c2 1648 1193 1684 1216 
c2 1825 1193 1861 1216 
c1 2000 797 2036 820 
c1 2178 797 2214 820 
c1 2355 797 2391 820 
c1 2000 1088 2036 1111 
c1 2178 1088 2214 1111 
c1 2355 1088 2391 1111 
c2 2002 1193 2038 1216 
c2 2180 1193 2216 1216 
c2 2357 1193 2393 1216 
c1 2532 797 2568 820 
c1 2705 797 2741 820 
c1 2531 1088 2567 1111 
c1 2705 1088 2741 1111 
c1 2489 1186 2525 1209 
c1 2788 1186 2824 1209 
c3 2391 1375 2427 1398 
c1 2490 1375 2526 1398 
c1 2788 1375 2824 1398 
c3 2391 1564 2427 1587 
c3 2391 1753 2427 1776 
c1 2490 1564 2526 1587 
c1 2490 1753 2526 1776 
c1 2788 1564 2824 1587 
c1 2788 1753 2824 1776 
c1 2788 1950 2824 1973 
c1 2489 1950 2525 1973 
c3 2391 1950 2427 1973 
