C2 1184 1268 1241 1332 
C2 1177 1566 1241 1632 
C2 1095 1758 1148 1825 
C2 1095 1984 1148 2050 
C2 1097 2207 1151 2276 
C2 1182 2381 1243 2450 
C2 1189 2920 1238 2984 
C2 1095 3114 1151 3189 
C2 1092 3335 1151 3409 
C2 1100 3568 1153 3640 
C2 1192 3735 1256 3796 
C2 1200 4025 1251 4094 
C2 2789 1566 2836 1622 
C2 2789 1263 2836 1327 
C2 2907 1755 2961 1822 
C2 2912 1978 2956 2053 
C2 2902 2209 2959 2284 
C2 2792 2399 2841 2455 
C2 2782 2904 2843 2976 
C2 2900 3117 2964 3184 
C2 2912 3345 2961 3412 
C2 2905 3571 2959 3630 
C2 2910 3794 2959 3858 
C2 2900 3991 2966 4071 
C1 1895 1530 1951 1591 
C1 2210 1537 2271 1607 
C1 1895 1732 1961 1791 
C1 2207 1755 2266 1812 
C1 1895 3568 1943 3632 
C1 2210 3568 2274 3632 
C1 1884 3799 1959 3855 
C1 2202 3789 2264 3858 
C3 1569 1309 1625 1366 
C3 1571 1545 1633 1599 
C3 1574 1758 1641 1814 
C3 1571 1984 1633 2040 
C3 1577 2212 1630 2273 
C3 1571 2440 1630 2507 
C3 2515 1343 2584 1404 
C3 2518 1758 2584 1822 
C3 2520 1555 2579 1614 
C3 2523 1953 2574 2004 
C3 2520 2209 2574 2273 
C3 2525 2404 2577 2463 
C3 1571 3971 1628 4037 
C3 2520 3976 2577 4025 
C3 1571 2889 1641 2950 
C3 1569 3114 1628 3176 
C3 1574 3348 1636 3404 
C3 1574 3571 1630 3632 
C3 1571 3804 1636 3866 
C3 2525 2902 2582 2966 
C3 2520 3117 2577 3178 
C3 2520 3358 2579 3417 
C3 2518 3568 2569 3635 
C3 2515 3807 2574 3871 
