C1 1083 746 1119 779 
C1 1080 869 1115 911 
C1 1085 1497 1120 1539 
C1 1082 995 1117 1037 
C1 1082 1119 1117 1161 
C1 1079 1250 1114 1292 
C1 1085 1367 1120 1409 
C1 1084 1749 1119 1791 
C1 1080 1621 1115 1663 
C1 1082 2126 1117 2168 
C1 1080 2000 1115 2042 
C1 1083 1874 1118 1916 
C1 1078 2252 1113 2294 
C1 1084 2417 1119 2459 
C1 933 2422 968 2464 
C1 942 2532 977 2574 
C1 1086 2533 1121 2575 
C1 1212 2538 1247 2580 
C1 1335 2540 1370 2582 
C1 1471 744 1507 777 
C1 1474 870 1510 903 
C1 1471 999 1507 1032 
C1 1470 1120 1506 1153 
C1 1472 1244 1508 1277 
C1 1470 1374 1506 1407 
C1 1465 2541 1501 2574 
C1 1472 2421 1508 2454 
C1 1469 2255 1505 2288 
C1 1473 2124 1509 2157 
C1 1471 2002 1507 2035 
C1 1472 1872 1508 1905 
C1 1470 1748 1506 1781 
C1 1470 1498 1506 1531 
C1 1471 1623 1507 1656 
C1 1608 2538 1644 2571 
C2 1197 741 1232 776 
C2 1194 2205 1229 2240 
C1 1471 575 1507 608 
