C1 1415 732 1466 786 
C1 2203 1233 2254 1287 
C1 1429 1143 1480 1197 
C1 1843 728 1894 782 
C1 1426 2095 1477 2149 
C1 2201 2091 2252 2145 
C1 1424 2801 1475 2855 
C1 1430 3755 1481 3809 
C1 2207 3758 2258 3812 
C2 2654 2089 2705 2143 
C2 2659 2807 2710 2861 
C2 2652 3762 2703 3816 
C2 694 3760 745 3814 
C2 694 2089 745 2143 
C2 698 2810 749 2864 
C2 692 1138 743 1192 
C2 692 728 743 782 
C2 2649 733 2700 787 
C2 2657 1141 2708 1195 
C1 2200 2814 2261 2876 
CC1 2899 2089 2953 2158 
CC1 2910 2803 2964 2872 
