C1 997 248 1034 284 
C1 1000 303 1037 339 
C1 1207 2819 1244 2855 
C1 998 2873 1035 2909 
C1 999 2956 1036 2992 
C1 998 3031 1035 3067 
C1 1209 2873 1245 2915 
C1 1212 2952 1249 2988 
C1 1211 3037 1248 3073 
C1 999 2819 1036 2855 
C1 1208 530 1245 566 
C1 998 525 1035 561 
C1 1000 477 1037 513 
C1 1209 478 1246 514 
C1 998 389 1035 425 
C1 1211 387 1248 423 
C1 1212 303 1249 339 
C1 1210 245 1247 281 
C2 976 620 1008 652 
C2 1214 975 1246 1007 
C2 1210 848 1242 880 
C2 978 846 1010 878 
C2 1211 719 1243 751 
C2 978 720 1010 752 
C2 1213 622 1245 654 
C2 978 1609 1010 1641 
C2 1212 1480 1244 1512 
C2 977 1480 1009 1512 
C2 975 1356 1007 1388 
C2 1211 1354 1243 1386 
C2 1214 1228 1246 1260 
C2 976 1228 1008 1260 
C2 978 1100 1010 1132 
C2 1214 1101 1246 1133 
C2 976 974 1008 1006 
C2 1212 2123 1244 2155 
C2 978 2120 1010 2152 
C2 1213 1993 1245 2025 
C2 976 1994 1008 2026 
C2 1213 1867 1245 1899 
C2 979 1866 1011 1898 
C2 1212 1740 1244 1772 
C2 977 1738 1009 1770 
C2 1213 1609 1245 1641 
C2 1212 2724 1244 2756 
C2 977 2724 1009 2756 
C2 976 2630 1008 2662 
C2 979 2503 1011 2535 
C2 1211 2626 1243 2658 
C2 1213 2502 1245 2534 
C2 978 2375 1010 2407 
C2 1214 2374 1246 2406 
C2 1210 2248 1242 2280 
C2 978 2248 1010 2280 
C3 922 1483 956 1514 
C3 922 1866 956 1897 
C3 923 1740 957 1771 
C3 925 1609 959 1640 
C4 1277 246 1309 280 
C4 1277 846 1309 880 
C4 1380 797 1412 831 
C4 1277 694 1309 728 
C4 1381 695 1413 729 
C4 1379 600 1411 634 
C4 1276 599 1308 633 
C4 1277 529 1309 563 
C4 1278 479 1310 513 
C4 1277 391 1309 425 
C4 1276 303 1308 337 
C4 1278 1482 1310 1516 
C4 1274 1357 1306 1391 
C4 1275 1229 1307 1263 
C4 1279 1101 1311 1135 
C4 1277 971 1309 1005 
C4 1273 1867 1305 1901 
C4 1279 1738 1311 1772 
C4 1274 1608 1306 1642 
C4 1377 2630 1409 2664 
C4 1277 2628 1309 2662 
C4 1278 2502 1310 2536 
C4 1275 2374 1307 2408 
C4 1279 2249 1311 2283 
C4 1278 2119 1310 2153 
C4 1278 1994 1310 2028 
C4 1379 2823 1411 2857 
C4 1380 2724 1412 2758 
C4 1276 2956 1308 2990 
C4 1277 2871 1309 2905 
C4 1280 2820 1312 2854 
C4 1279 2724 1311 2758 
C4 1278 3038 1310 3072 
C5 1276 1543 1305 1574 
C5 1281 1804 1310 1835 
C5 1368 1765 1397 1796 
C5 1406 1675 1435 1706 
C5 1368 1583 1397 1614 
