C1 55 168 65 180 
C1 428 214 442 226 
C1 483 213 497 226 
C1 484 168 497 182 
C1 374 214 386 227 
C1 428 168 442 182 
C1 374 168 387 182 
C1 320 215 331 226 
C1 264 215 276 227 
C1 320 168 334 182 
C1 209 215 222 227 
C1 262 169 276 183 
C1 154 215 167 227 
C1 209 167 224 181 
C1 101 214 113 227 
C1 153 167 167 183 
C1 99 166 114 181 
C1 53 215 66 228 
C1 646 167 659 182 
C1 592 212 607 226 
C1 592 169 607 182 
C1 538 213 551 226 
C1 538 168 551 181 
C1 920 215 932 226 
C1 952 168 966 182 
C1 866 213 880 226 
C1 812 214 825 227 
C1 755 214 767 226 
C1 918 168 932 183 
C1 864 169 879 182 
C1 810 169 824 183 
C1 756 169 770 183 
C1 702 214 715 226 
C1 702 168 715 183 
C1 647 214 659 226 
C1 950 216 963 228 
C2 960 25 975 39 
C2 909 26 926 37 
C2 53 33 65 47 
C2 81 35 93 45 
C2 155 35 168 46 
C2 199 28 214 38 
C2 256 27 269 38 
C2 320 36 332 44 
C2 362 28 377 38 
C2 420 27 433 38 
C2 473 28 487 38 
C2 527 28 542 37 
C2 583 27 596 37 
C2 637 27 651 38 
C2 692 28 705 37 
C2 747 29 762 39 
C2 800 27 817 37 
C2 856 27 869 37 
