C2 1717 297 1754 333 
C2 1719 1479 1752 1518 
C2 1719 1224 1750 1261 
C2 1719 967 1751 1008 
C2 1718 714 1750 752 
C2 1715 462 1753 497 
C2 1716 2497 1749 2536 
C2 1721 2242 1754 2281 
C2 1718 1988 1751 2027 
C2 1718 1732 1751 1771 
C2 1716 2753 1749 2792 
C2 1717 3008 1750 3047 
C2 1714 3261 1747 3300 
C2 1721 3516 1754 3555 
C2 1716 3769 1749 3808 
C2 1717 4026 1750 4065 
C2 1719 4496 1752 4535 
C2 1719 4280 1752 4319 
C1 1920 301 1952 339 
C1 1915 970 1947 1008 
C1 1917 715 1949 753 
C1 1921 460 1953 498 
C1 1916 1224 1948 1262 
C1 1918 1479 1950 1517 
C1 1917 1732 1949 1770 
C1 1920 1988 1952 2026 
C1 1919 2241 1951 2279 
C1 1920 2498 1952 2536 
C1 1924 2752 1956 2790 
C1 1920 3515 1952 3553 
C1 1922 3260 1954 3298 
C1 1919 3005 1951 3043 
C1 1919 4279 1951 4317 
C1 1926 4021 1958 4059 
C1 1921 3767 1953 3805 
C1 1923 4494 1955 4532 
C3 1124 4494 1152 4529 
C3 1121 3769 1149 3804 
C3 1121 4022 1149 4057 
C3 1117 4334 1145 4369 
C3 1093 3551 1121 3586 
C3 1126 3259 1154 3294 
C3 1098 2784 1126 2819 
C3 1126 3007 1154 3042 
C3 1095 2019 1123 2054 
C3 1121 2242 1149 2277 
C3 1125 2497 1153 2532 
C3 1123 1474 1151 1509 
C3 1123 1731 1151 1766 
C3 1123 971 1151 1006 
C3 1094 1257 1122 1292 
C3 1122 457 1150 492 
C3 1123 714 1151 749 
C3 1317 302 1345 337 
