C1 178 44 190 54 
C1 220 59 231 67 
C1 37 561 48 574 
C1 38 630 48 641 
C1 89 559 99 568 
C1 192 604 204 613 
C1 148 604 158 614 
C1 93 627 104 637 
C1 304 604 315 613 
C1 259 626 270 635 
C1 259 604 270 614 
C1 193 626 204 637 
C1 147 626 160 636 
C1 149 570 161 580 
C1 355 559 367 568 
C1 399 561 409 572 
C1 304 626 316 636 
C1 360 627 371 637 
C1 399 631 410 643 
C2 92 171 105 184 
C2 91 451 105 462 
C2 91 395 105 405 
C2 93 339 104 351 
C2 92 283 105 293 
C2 92 229 106 239 
C1 261 46 271 53 
C1 305 570 315 578 
C2 194 562 205 573 
C2 243 562 255 572 
C2 360 508 371 519 
C2 92 509 104 518 
C2 142 124 156 135 
C2 298 125 308 134 
C2 361 171 373 181 
C2 361 227 372 237 
C2 358 450 373 461 
C2 360 395 372 406 
C2 360 338 373 350 
C2 360 282 373 293 
C3 39 48 51 59 
C3 400 395 412 406 
C3 38 507 51 518 
C3 38 452 51 462 
C3 38 395 51 407 
C3 36 339 50 349 
C3 37 282 49 294 
C3 37 227 51 237 
C3 37 171 50 180 
C3 51 125 66 136 
C3 92 112 106 122 
C3 398 339 412 350 
C3 398 283 412 293 
C3 398 226 412 237 
C3 399 172 412 181 
C3 385 124 399 135 
C3 343 116 357 129 
C3 398 46 411 57 
C3 356 43 370 53 
C3 301 43 313 53 
C3 145 42 157 52 
C3 89 42 102 53 
C3 399 452 412 464 
C3 401 507 411 520 
