C1 31 47 48 65 
C1 1108 44 1125 62 
C1 996 46 1013 64 
C1 856 45 871 60 
C1 717 45 734 63 
C1 554 44 571 62 
C1 416 44 433 62 
C1 276 47 293 65 
C1 138 44 155 62 
C1 33 385 50 403 
C1 138 387 155 405 
C1 277 388 294 406 
C1 418 388 435 406 
C1 556 387 573 405 
C1 717 387 734 405 
C1 854 387 871 405 
C1 995 389 1012 407 
C1 1108 388 1125 406 
C2 34 303 51 317 
C2 139 301 155 315 
C2 1106 303 1126 318 
C2 995 302 1013 320 
C2 857 303 874 320 
C2 718 302 737 320 
C2 558 302 576 320 
C2 418 300 436 317 
C2 278 300 297 320 
