C3 176 79 198 97 
C3 947 76 969 94 
C3 919 79 937 95 
C3 850 78 872 96 
C3 779 78 801 96 
C3 634 79 656 97 
C3 500 79 522 97 
C3 340 78 362 96 
C1 176 292 192 305 
C1 338 290 354 307 
C1 501 290 520 307 
C1 666 290 682 308 
C1 780 290 797 306 
C1 851 290 869 305 
C1 919 290 937 304 
C1 951 290 967 308 
C2 338 228 357 245 
C2 501 227 519 243 
C2 664 228 684 243 
C2 780 227 801 241 
C2 851 227 873 242 
C2 922 225 939 243 
C4 6 90 26 104 
C4 5 159 24 175 
C4 5 229 25 244 
C4 3 295 24 311 
C4 1125 89 1141 106 
C4 1125 158 1142 172 
C4 1124 228 1144 243 
C4 1125 297 1144 314 
C5 948 227 968 242 
C5 175 228 197 247 
C6 174 147 193 165 
C6 946 148 966 167 
