C1 1314 986 1376 1048 
C1 1312 1545 1374 1607 
C1 1552 1548 1614 1610 
C1 2422 1551 2484 1613 
C1 2417 1270 2479 1332 
C1 2161 1279 2223 1341 
C1 2159 1551 2221 1613 
C1 1762 1557 1824 1619 
C1 2414 993 2476 1055 
C1 2156 988 2218 1050 
C1 1761 1276 1823 1338 
C1 1757 1041 1819 1103 
C1 1552 995 1614 1057 
C1 1312 1280 1374 1342 
C1 1320 3623 1369 3669 
C1 2428 3079 2477 3125 
C1 2162 2636 2211 2682 
C1 2160 3078 2209 3124 
C1 2158 3300 2207 3346 
C1 1772 3297 1821 3343 
C1 1765 3087 1814 3133 
C1 1552 3078 1601 3124 
C1 1309 3130 1358 3176 
C1 1317 3296 1366 3342 
C1 2418 3667 2467 3713 
C1 2155 3631 2204 3677 
C1 1771 3629 1820 3675 
C1 1553 3629 1602 3675 
C2 1307 2627 1369 2681 
C2 1766 2633 1828 2687 
C2 1316 1980 1378 2034 
C2 1762 1981 1824 2035 
C1 2164 1984 2210 2040 
C4 2420 1981 2477 2037 
C4 2426 2628 2483 2684 
C3 1553 3812 1605 3861 
C3 1315 3802 1367 3851 
C3 1764 3813 1816 3862 
