C2 467 116 480 126 
C2 484 156 498 175 
C2 486 189 499 206 
C2 151 124 161 134 
C2 147 160 160 172 
C2 175 163 187 172 
C2 150 195 162 207 
C2 150 227 161 239 
C2 147 259 161 272 
C2 177 261 188 272 
C2 151 292 161 305 
C2 158 342 170 353 
C2 149 383 161 395 
C2 148 414 162 426 
C2 194 479 207 491 
C2 183 522 195 532 
C2 210 522 224 532 
C2 440 478 453 490 
C2 459 379 471 388 
C2 459 260 471 271 
C2 486 227 499 238 
C2 485 260 498 272 
C2 487 293 499 306 
C2 487 348 496 359 
C2 485 384 499 395 
C2 487 413 497 424 
C2 472 440 483 453 
C2 194 116 208 126 
C2 459 161 471 172 
C9 205 28 216 39 
C9 231 30 243 38 
C9 259 30 276 41 
C9 290 30 304 39 
C9 315 30 328 40 
C1 276 524 286 531 
C1 314 522 326 532 
C1 355 523 366 533 
C1 379 566 391 577 
C1 241 566 252 576 
C1 272 566 282 576 
C2 422 520 435 534 
C2 450 522 462 532 
C5 559 506 572 516 
C5 511 475 524 486 
C5 504 509 517 518 
C5 130 517 144 528 
C5 129 475 141 485 
C8 406 69 419 77 
C8 229 69 240 77 
C8 264 68 275 77 
C8 291 68 304 76 
C8 319 70 329 77 
C8 343 69 358 77 
C8 374 68 387 79 
C10 225 113 238 123 
C11 435 66 449 77 
C10 409 112 422 124 
C2 195 382 208 392 
C7 83 390 97 398 
C7 130 389 140 398 
C7 520 389 533 399 
C7 548 386 561 397 
C4 481 535 493 546 
C4 476 489 491 500 
C3 389 521 400 535 
C7 350 568 361 577 
C6 564 464 577 475 
C6 68 464 82 474 
C5 68 519 83 531 
C4 152 475 166 486 
C4 153 522 166 531 
C2 149 445 161 456 
