C3 127 96 147 117 
C3 207 98 227 119 
C3 292 96 312 117 
C3 458 97 478 118 
C3 372 95 392 116 
C3 539 95 559 114 
C3 707 95 727 114 
C3 623 96 643 115 
C3 793 96 813 115 
C3 122 465 142 484 
C3 122 410 142 429 
C3 123 365 143 384 
C3 123 512 143 531 
C3 201 512 221 531 
C1 106 648 126 664 
C1 192 645 212 661 
C4 82 93 100 109 
C4 838 96 860 116 
C4 954 86 976 106 
C4 830 149 852 169 
C4 935 155 952 172 
C4 926 208 948 228 
C4 841 206 863 227 
C4 826 279 848 300 
C4 931 280 953 301 
C4 775 304 797 325 
C4 785 250 807 271 
C4 705 238 725 260 
C4 619 251 638 268 
C4 525 257 544 274 
C4 445 256 464 273 
C4 123 251 142 268 
C4 195 257 214 274 
C4 278 256 297 273 
C4 360 257 379 274 
C4 694 308 713 325 
C4 612 307 631 324 
C4 525 306 544 323 
C4 438 306 457 323 
C4 356 308 375 325 
C4 274 307 293 324 
C4 183 310 202 327 
C4 122 295 141 312 
C2 81 140 99 158 
C2 82 292 100 310 
C2 81 244 99 262 
C2 80 192 98 210 
C2 82 460 101 479 
C2 80 410 98 428 
C2 80 356 101 377 
C2 80 612 98 630 
C2 81 561 99 579 
C2 80 510 98 528 
C2 286 613 304 631 
C2 284 567 302 585 
C2 286 514 304 532 
C2 284 464 302 482 
C2 204 464 222 482 
C2 203 410 221 428 
C2 204 362 222 380 
