C2 306 57 323 73 
C2 420 58 437 71 
C2 337 56 354 72 
C2 461 57 474 72 
C2 498 57 516 72 
C2 579 55 601 73 
C2 660 55 682 73 
C2 699 56 722 73 
C2 738 56 761 73 
C2 823 56 843 73 
C2 850 59 871 73 
C2 937 58 952 74 
C2 936 125 955 139 
C2 852 124 873 138 
C2 937 154 956 168 
C2 855 154 874 168 
C2 856 255 873 270 
C2 938 256 957 270 
C2 937 208 956 222 
C2 854 209 873 223 
C2 419 211 437 223 
C2 458 208 480 226 
C2 499 209 521 227 
C2 578 208 600 226 
C2 660 208 682 226 
C2 699 207 721 225 
C2 741 209 763 227 
C2 821 209 843 227 
C2 821 253 843 271 
C2 820 309 842 327 
C2 854 309 876 327 
C2 934 308 956 326 
C2 854 343 876 361 
C2 822 343 843 360 
C2 820 379 841 396 
C2 857 483 878 500 
C2 821 484 842 501 
C2 856 449 877 466 
C2 821 449 842 466 
C2 821 414 842 431 
C2 856 414 877 431 
C2 854 380 875 397 
C1 821 523 836 537 
C1 858 522 874 537 
C3 308 142 326 155 
C3 309 177 326 191 
C3 311 213 325 232 
C3 310 255 328 269 
C3 344 292 362 311 
C3 309 291 327 310 
C3 308 322 326 341 
C3 309 364 327 383 
C3 310 399 328 418 
C3 342 368 360 387 
C3 341 400 359 419 
C3 310 441 328 460 
C3 341 441 359 460 
C3 308 477 326 496 
C3 341 477 359 496 
C3 342 516 360 535 
C3 310 517 328 536 
C3 308 550 326 569 
C3 309 592 327 611 
C3 309 623 327 642 
C3 343 593 361 612 
C3 309 665 327 684 
C3 343 664 361 683 
C3 417 665 435 684 
C3 416 624 434 643 
C3 416 592 434 611 
C3 416 552 434 571 
C3 416 519 434 538 
C3 416 477 434 496 
C3 417 442 435 461 
C3 415 403 433 422 
C3 417 364 435 383 
C3 416 323 434 342 
C3 417 294 435 313 
C3 417 250 433 269 
