C1 1852 1173 1908 1225 
C1 1850 1383 1906 1435 
C1 1856 1606 1912 1658 
C1 1850 1813 1906 1865 
C2 1191 693 1246 742 
C2 1318 687 1373 736 
C2 1616 689 1671 738 
C2 1731 687 1786 736 
C2 1844 638 1899 687 
C2 1742 958 1797 1007 
C2 1808 958 1863 1007 
C2 2083 958 2138 1007 
C2 2085 1169 2140 1218 
C2 2085 1390 2140 1439 
C2 2083 1603 2138 1652 
C2 2083 1816 2138 1865 
C2 2085 2033 2140 2082 
C2 1849 2035 1904 2084 
C2 1732 2029 1787 2078 
C2 1185 957 1240 1006 
C2 1046 957 1101 1006 
C2 972 960 1027 1009 
C2 972 1173 1027 1222 
C1 1078 1177 1134 1229 
C1 1076 1386 1132 1438 
C1 1076 1610 1132 1662 
C1 1081 1810 1137 1862 
C2 972 1385 1027 1434 
C2 975 1598 1030 1647 
C2 653 1811 708 1860 
C2 659 1604 714 1653 
C2 655 2032 710 2081 
C2 655 2211 710 2260 
C2 1076 2298 1131 2347 
C2 1078 2030 1133 2079 
C2 1191 2035 1246 2084 
C3 1312 2035 1367 2082 
C3 1615 2031 1670 2078 
C3 1847 2299 1902 2346 
C3 1738 2299 1793 2346 
C3 1609 2303 1664 2350 
C3 1310 2295 1365 2342 
C3 1188 2301 1243 2348 
C3 1182 2495 1237 2542 
C3 1301 2502 1356 2549 
C3 1080 2492 1135 2539 
C3 1076 2685 1131 2732 
C3 1184 2689 1239 2736 
C3 1186 2934 1241 2981 
C3 1074 2934 1129 2981 
C3 844 2685 899 2732 
C3 842 2494 897 2541 
C3 904 2496 959 2543 
C3 906 2298 961 2345 
C3 825 2211 880 2258 
C3 819 1599 874 1646 
