C1 1529 669 1576 720 
C1 1646 667 1693 718 
C1 1805 788 1852 839 
C1 1797 663 1844 714 
C1 1801 557 1848 608 
C1 1656 792 1703 843 
C1 539 664 586 715 
C1 710 668 757 719 
C1 1661 2439 1708 2490 
C1 1865 2439 1912 2490 
C1 1861 2707 1908 2758 
C1 1663 2709 1710 2760 
C2 533 799 589 850 
C2 701 797 757 848 
C2 1108 797 1164 848 
C2 1518 797 1579 850 
C2 1527 1206 1588 1259 
C2 1520 1409 1581 1462 
C2 1522 1822 1583 1875 
C2 1524 2026 1585 2079 
C2 1526 2435 1587 2488 
C2 1522 2710 1583 2763 
C3 1654 1893 1714 1942 
C3 1658 2097 1718 2146 
C3 1656 2227 1716 2276 
C3 2024 2096 2084 2145 
C3 2022 2230 2082 2279 
C3 2024 2434 2084 2483 
C3 2016 1890 2076 1939 
C3 2018 1479 2078 1528 
C3 1654 1483 1714 1532 
C3 1650 1206 1710 1255 
C3 2012 1202 2072 1251 
C3 1646 1004 1706 1053 
C3 2020 998 2080 1047 
C3 2021 796 2081 845 
C3 2014 724 2074 773 
C3 2016 486 2076 535 
C3 2008 297 2068 346 
C3 1798 293 1858 342 
C3 1453 293 1513 342 
C3 1319 295 1379 344 
C3 1111 299 1171 348 
C3 907 297 967 346 
C3 696 297 756 346 
C3 469 295 529 344 
C3 912 667 972 716 
C3 1110 665 1170 714 
C3 1314 667 1374 716 
C1 1523 484 1569 542 
