C1 660 813 727 887 
C1 1184 782 1251 856 
C1 1408 783 1475 857 
C1 1784 793 1851 867 
C1 671 1391 738 1465 
C1 1183 1403 1250 1477 
C1 1433 1387 1500 1461 
C1 1809 1396 1876 1470 
C1 1937 1668 2004 1742 
C1 1802 1669 1869 1743 
C1 1430 1678 1497 1752 
C1 1187 1665 1254 1739 
C1 674 1696 741 1770 
C1 668 2165 735 2239 
C1 1200 2163 1267 2237 
C1 1435 2165 1502 2239 
C1 1951 2163 2018 2237 
C1 1963 2624 2030 2698 
C1 1428 2633 1495 2707 
C1 1200 2616 1267 2690 
C1 1161 2751 1228 2825 
C1 663 2745 730 2819 
