C1 529 505 567 544 
C1 679 505 717 544 
C1 955 503 993 542 
C1 1200 505 1238 544 
C1 1479 507 1517 546 
C1 1630 505 1668 544 
C1 1623 699 1661 738 
C1 1474 699 1512 738 
C1 1191 701 1229 740 
C1 955 706 993 745 
C1 683 702 721 741 
C1 527 704 565 743 
C1 527 977 565 1016 
C1 685 973 723 1012 
C1 1078 977 1116 1016 
C1 1472 975 1510 1014 
C1 1632 976 1670 1015 
C1 1924 976 1962 1015 
C1 1924 1246 1962 1285 
C1 1628 1246 1666 1285 
C1 1467 1247 1505 1286 
C1 1074 1249 1112 1288 
C1 683 1250 721 1289 
C1 528 1246 566 1285 
C1 528 1519 566 1558 
C1 683 1521 721 1560 
C1 1077 1519 1115 1558 
C1 1473 1521 1511 1560 
C1 1628 1523 1666 1562 
C1 1924 1526 1962 1565 
C1 1924 1796 1962 1835 
C1 1630 1792 1668 1831 
C1 1080 1792 1118 1831 
C1 1469 1792 1507 1831 
C1 680 1794 718 1833 
C1 529 1795 567 1834 
C1 529 2069 567 2108 
C1 529 2342 567 2381 
C1 1080 2344 1118 2383 
C1 1076 2072 1114 2111 
C1 1621 2068 1659 2107 
C2 689 2069 731 2105 
C2 691 2348 733 2384 
C2 1478 2069 1520 2105 
C2 1461 2344 1503 2380 
C1 1629 2346 1665 2386 
