C1 877 1878 930 1930 
C1 875 2056 928 2108 
C1 875 2149 928 2201 
C1 881 2290 934 2342 
C1 881 2434 934 2486 
C1 876 2661 929 2713 
C1 884 2803 937 2855 
C1 882 2934 935 2986 
C1 890 3025 943 3077 
C1 983 3030 1036 3082 
C1 1112 3023 1165 3075 
C1 1230 2978 1283 3030 
C1 1228 2899 1281 2951 
C1 1113 2794 1166 2846 
C1 1003 2790 1056 2842 
C1 1108 2937 1161 2989 
C1 1004 2659 1057 2711 
C1 1007 2436 1060 2488 
C1 997 2298 1050 2350 
C1 1110 2294 1163 2346 
C1 1231 2148 1284 2200 
C1 1109 2151 1162 2203 
C1 1347 2154 1400 2206 
C1 1468 2149 1521 2201 
C1 1576 2150 1629 2202 
C1 1715 2148 1768 2200 
C1 1715 2066 1768 2118 
C1 1577 2062 1630 2114 
C1 1467 2062 1520 2114 
C1 1345 2058 1398 2110 
C1 1238 2061 1291 2113 
C1 1107 2059 1160 2111 
C1 988 2060 1041 2112 
C1 998 1878 1051 1930 
C1 884 1774 937 1826 
C1 1099 1879 1152 1931 
C1 989 1790 1042 1842 
C1 1474 1874 1527 1926 
C1 1585 1867 1638 1919 
C1 1350 1876 1403 1928 
C1 1240 1874 1293 1926 
C1 1710 1879 1763 1931 
C1 1949 1877 2002 1929 
C1 2070 1875 2123 1927 
C1 2071 2058 2124 2110 
C1 1948 2056 2001 2108 
C1 1946 2151 1999 2203 
C1 2067 2139 2120 2191 
C1 2190 2139 2243 2191 
C1 2181 2066 2234 2118 
C1 2188 1883 2241 1935 
C1 2311 1876 2364 1928 
C1 2309 2062 2362 2114 
C1 2312 2150 2365 2202 
C1 2430 1879 2483 1931 
C1 2515 1911 2568 1963 
C1 2710 1916 2763 1968 
C1 2724 2089 2777 2141 
C1 2525 2067 2578 2119 
C1 2428 2081 2481 2133 
C1 2526 2151 2579 2203 
C1 2634 2144 2687 2196 
C1 2719 2191 2772 2243 
C1 2633 2292 2686 2344 
C1 2526 2297 2579 2349 
C1 2357 2290 2410 2342 
C1 2370 2434 2423 2486 
C1 2527 2437 2580 2489 
C1 2525 2658 2578 2710 
C1 2369 2654 2422 2706 
C1 2372 2793 2425 2845 
C1 2531 2786 2584 2838 
C1 2647 2805 2700 2857 
C1 2642 2882 2695 2934 
C1 2706 2891 2759 2943 
C1 2719 3184 2772 3236 
C1 2717 2992 2770 3044 
C1 2474 3024 2527 3076 
C1 2424 2999 2477 3051 
C1 2304 2900 2357 2952 
C1 2302 2973 2355 3025 
C1 2187 2894 2240 2946 
C1 2185 2979 2238 3031 
C1 2067 2895 2120 2947 
C1 2063 2972 2116 3024 
C1 1951 2972 2004 3024 
C1 1949 2898 2002 2950 
C1 1344 2893 1397 2945 
C1 1476 2898 1529 2950 
C1 1579 2889 1632 2941 
C1 1713 2907 1766 2959 
C1 1714 3000 1767 3052 
C1 1348 2980 1401 3032 
C1 1471 2993 1524 3045 
C1 1577 2978 1630 3030 
C1 1711 3194 1764 3246 
C1 1581 3186 1634 3238 
C1 1461 3199 1514 3251 
C1 1346 3185 1399 3237 
C1 1234 3193 1287 3245 
C1 1109 3234 1162 3286 
C1 986 3227 1039 3279 
C1 2525 3197 2578 3249 
C1 2431 3195 2484 3247 
C1 2299 3175 2352 3227 
C1 2192 3186 2245 3238 
C1 2069 3189 2122 3241 
C1 1951 3193 2004 3245 
C2 987 2937 1038 2991 
C2 2423 2909 2474 2963 
C2 2426 2171 2477 2225 
C2 983 2146 1034 2200 
