C1 448 519 498 569 
C1 450 2356 502 2404 
C1 1970 2356 2017 2401 
C1 1968 516 2015 569 
C2 1323 516 1372 567 
C2 1095 517 1143 567 
C2 1095 2354 1140 2402 
C2 1325 2356 1372 2402 
C3 440 831 507 876 
C3 447 1134 502 1179 
C3 447 1439 500 1486 
C3 448 1746 498 1789 
C3 443 2049 500 2094 
C3 1972 2051 2020 2096 
C3 1968 822 2020 871 
C4 1092 826 1147 869 
C4 1320 831 1372 869 
C4 1095 1131 1148 1176 
C4 1093 1439 1150 1484 
C4 1097 1742 1147 1786 
C4 1090 2047 1147 2097 
C4 1322 2051 1368 2092 
C5 1323 1129 1375 1177 
C5 1325 1742 1373 1787 
C6 1968 1134 2023 1181 
C6 1968 1746 2023 1786 
C7 2347 1131 2398 1177 
C7 2310 1764 2365 1809 
