C1 709 119 729 138 
C1 888 116 908 135 
C1 847 117 867 136 
C1 892 200 912 219 
C1 849 198 869 217 
C1 713 198 733 217 
C1 894 280 914 299 
C1 848 282 868 301 
C1 710 277 730 296 
C1 892 363 912 382 
C1 848 363 868 382 
C1 712 362 732 381 
C1 891 443 911 462 
C1 850 445 870 464 
C1 712 444 732 463 
C1 893 527 913 547 
C1 847 525 867 544 
C1 713 530 733 549 
C1 891 611 911 631 
C1 849 609 869 629 
C1 711 609 731 629 
C1 891 691 911 711 
C1 847 691 867 711 
C1 712 691 732 711 
C1 894 774 914 794 
C1 848 773 868 793 
C1 711 773 731 793 
C1 887 857 907 877 
C1 844 855 864 875 
C1 713 856 733 876 
C1 711 2043 728 2060 
C1 890 2043 907 2064 
C1 847 2041 864 2062 
C1 848 1999 865 2020 
C1 889 1999 906 2020 
C1 711 1995 728 2016 
C1 889 1916 906 1937 
C1 847 1918 864 1939 
C1 712 1915 729 1936 
C1 714 1834 729 1853 
C1 848 1834 865 1855 
C1 892 1834 909 1855 
C1 892 1751 907 1770 
C1 848 1753 863 1772 
C1 709 1754 724 1773 
C1 892 1670 907 1691 
C1 849 1673 864 1692 
C1 713 1669 728 1688 
C1 713 1585 729 1609 
C1 850 1587 866 1610 
C1 893 1588 909 1610 
C1 890 1502 906 1526 
C1 848 1502 864 1526 
C1 714 1502 730 1526 
C1 713 1420 729 1444 
C1 848 1421 864 1445 
C1 890 1420 906 1444 
C1 890 1339 906 1363 
C1 848 1338 864 1362 
C1 713 1336 729 1360 
C1 891 1255 907 1279 
C1 847 1260 863 1284 
C1 710 1255 726 1279 
C1 713 1172 729 1196 
C1 848 1176 864 1200 
C1 890 1173 906 1197 
C1 711 1093 727 1117 
C1 712 1013 728 1037 
C1 712 935 728 959 
C2 847 1013 865 1033 
C2 777 1033 798 1052 
C2 846 937 864 957 
C2 888 935 906 955 
C2 887 1010 905 1030 
C2 778 937 796 957 
C2 889 1091 907 1111 
C2 847 1094 865 1114 
