C1 710 871 769 930 
C1 679 1178 741 1232 
C1 674 1412 748 1481 
C1 684 1712 748 1778 
C1 684 2017 741 2073 
C1 679 2312 746 2381 
C1 671 2602 743 2678 
C1 684 2896 746 2971 
C1 682 3202 741 3278 
C1 710 3514 771 3589 
C1 2674 835 2741 899 
C1 2638 1122 2725 1189 
C1 2641 1417 2725 1494 
C1 2648 1707 2723 1781 
C1 2643 2012 2723 2086 
C1 2636 2307 2720 2384 
C1 2648 2612 2728 2678 
C1 2661 2909 2746 2986 
C1 2636 3196 2723 3273 
C1 2671 3514 2751 3586 
C2 1405 3612 1489 3691 
C2 1838 3612 1905 3689 
C3 1141 517 1200 586 
C3 2156 548 2225 643 
C3 2166 899 2230 968 
C3 1148 817 1220 894 
C3 1153 3486 1225 3581 
C3 2166 3596 2238 3655 
C3 2161 3822 2236 3896 
C3 2682 3827 2743 3896 
C3 1164 3832 1215 3894 
C3 653 3825 712 3899 
