C1 824 967 893 1028 
C1 2532 970 2602 1031 
C1 2541 1328 2595 1392 
C1 827 1323 898 1392 
C1 829 1682 895 1753 
C1 2527 1684 2600 1745 
C1 2537 2036 2593 2109 
C1 2539 2404 2612 2467 
C1 827 2406 888 2460 
C1 827 2045 890 2109 
C1 832 2760 890 2816 
C1 2532 2762 2595 2826 
C1 2539 3121 2598 3177 
C1 2537 3475 2595 3536 
C1 834 3477 895 3531 
C1 829 3121 893 3189 
C2 2261 3472 2339 3533 
C2 2017 3475 2073 3526 
C2 1788 3477 1849 3531 
C2 1563 3475 1617 3536 
C2 1334 3472 1393 3531 
C2 1085 3470 1146 3538 
C2 1334 1326 1385 1384 
C2 2010 1328 2073 1384 
C2 2271 955 2327 1026 
C2 2017 962 2066 1026 
C2 1790 965 1844 1028 
C2 1561 965 1624 1028 
C2 1337 962 1390 1026 
C2 1073 962 1141 1028 
C3 1073 670 1139 719 
C3 1329 662 1390 733 
C3 1559 667 1607 728 
C3 1773 675 1837 731 
C3 2007 670 2071 733 
C3 2254 675 2307 731 
C3 2261 3843 2310 3899 
C3 2012 3840 2066 3894 
C3 1780 3845 1841 3904 
C3 1554 3843 1620 3904 
C3 1327 3848 1388 3904 
C3 1073 3843 1137 3909 
C4 2517 3845 2580 3901 
C4 832 3838 893 3899 
C4 827 662 890 731 
C4 2522 665 2580 738 
