C1 1114 1402 1170 1457 
C1 1109 1636 1170 1689 
C1 1114 1995 1170 2046 
C1 1118 2371 1163 2420 
C1 1114 2634 1164 2696 
C1 1107 2980 1171 3036 
C1 1114 3341 1166 3387 
C1 1700 1437 1748 1487 
C1 1702 1641 1750 1687 
C1 1702 2050 1748 2104 
C1 1700 2388 1752 2437 
C1 1702 2700 1754 2754 
C1 1698 2980 1754 3032 
C1 1698 3339 1750 3393 
C1 1954 3341 2004 3395 
C1 1954 2980 2004 3029 
C1 1950 2802 2007 2857 
C1 1955 2704 2004 2754 
C1 1948 2327 2009 2377 
C1 1948 2170 2007 2223 
C1 1954 1991 2011 2048 
C1 1950 1816 2009 1870 
C1 1952 1636 2005 1686 
C1 1950 1362 2007 1421 
C2 834 3480 886 3536 
C2 1434 3618 1498 3679 
C2 1684 3648 1741 3707 
C2 1948 3648 2007 3709 
