C1 343 521 378 561 
C1 2075 526 2107 556 
C1 2072 2542 2112 2579 
C1 360 2541 383 2569 
C2 568 527 595 557 
C2 845 529 880 557 
C2 1125 527 1162 561 
C2 1300 527 1332 564 
C2 1583 529 1615 562 
C2 1860 527 1892 562 
C2 2068 751 2105 787 
C2 2075 974 2103 1004 
C2 2078 1197 2105 1232 
C2 2077 1424 2107 1461 
C2 2073 1639 2105 1676 
C2 2073 1862 2105 1899 
C2 2072 2087 2108 2126 
C2 2073 2316 2103 2347 
C2 1442 2769 1478 2799 
C2 1302 2767 1338 2806 
C2 1130 2767 1165 2801 
C2 992 2766 1023 2802 
C2 343 2312 382 2349 
C2 340 2091 385 2124 
C2 347 1867 380 1899 
C2 345 1641 382 1672 
C2 348 1426 383 1459 
C2 342 1201 383 1234 
C2 343 976 380 1012 
C2 345 752 385 786 
C3 850 307 878 342 
C3 1132 311 1163 341 
C3 1302 312 1333 344 
C3 1582 314 1612 344 
C3 1580 756 1613 787 
C3 1863 754 1892 786 
C3 848 752 883 789 
C3 570 751 598 787 
C3 567 976 598 1009 
C3 565 1201 600 1232 
C3 567 1424 598 1461 
C3 572 1641 598 1672 
C3 570 1864 598 1899 
C3 573 2086 598 2124 
C3 570 2314 600 2349 
C3 568 2534 600 2576 
C3 703 2539 740 2576 
C3 850 2539 882 2576 
C3 990 2539 1018 2576 
C3 1123 2536 1160 2576 
C3 1298 2539 1335 2572 
C3 1438 2541 1472 2572 
C3 1577 2542 1615 2576 
C3 1715 2541 1753 2576 
C3 1855 2541 1893 2574 
C3 1862 2311 1895 2351 
C3 1858 2084 1893 2126 
C3 1865 1867 1895 1897 
C3 1862 1636 1893 1676 
C3 1860 1419 1892 1461 
C3 1855 1196 1892 1241 
C3 1858 972 1890 1011 
C3 570 2762 603 2802 
C3 713 2767 740 2797 
C3 852 2767 880 2802 
C3 1578 2767 1618 2799 
C3 1725 2766 1757 2801 
C3 1858 2764 1897 2802 
