C3 1286 2355 1341 2410 
C3 1288 2469 1335 2520 
C3 1971 2514 2024 2559 
C3 1973 2316 2022 2363 
C4 1753 2257 1798 2296 
C4 1755 2576 1806 2629 
C1 1741 1169 1786 1212 
C1 1741 1300 1790 1351 
C1 1737 1439 1784 1486 
C1 1745 1571 1786 1622 
C1 1735 1710 1790 1759 
C1 1737 1847 1788 1898 
C1 1737 1976 1784 2027 
C1 1733 2120 1790 2169 
C1 1739 2712 1788 2765 
C1 1737 2843 1790 2902 
C1 1737 2980 1786 3039 
C1 1739 3122 1788 3171 
C1 1739 3249 1790 3312 
C1 1733 3390 1788 3443 
C1 1739 3524 1792 3584 
C1 1743 3663 1784 3712 
C2 1284 1161 1339 1218 
C2 1288 1300 1337 1355 
C2 1288 1439 1337 1488 
C2 1286 1573 1339 1624 
C2 1286 1706 1339 1761 
C2 1288 1847 1339 1896 
C2 1290 1976 1339 2033 
C2 1288 2114 1341 2169 
C2 1282 2247 1339 2304 
C2 1288 2580 1333 2624 
C2 1294 2706 1339 2765 
C2 1286 2847 1341 2902 
C2 1286 2982 1341 3033 
C2 1284 3120 1339 3176 
C2 1286 3257 1341 3312 
C2 1284 3392 1341 3443 
C2 1286 3529 1343 3576 
C2 1290 3663 1341 3714 
CC1 1882 1149 1935 1216 
CC1 1880 1420 1935 1486 
CC1 1884 1694 1937 1757 
CC1 1884 1961 1937 2031 
CC1 1888 2237 1935 2298 
CC1 1967 2237 2024 2300 
CC1 1971 2567 2025 2631 
CC1 1888 2565 1935 2627 
CC1 1888 2837 1937 2904 
CC1 1884 3106 1941 3173 
CC1 1888 3647 1933 3716 
CC1 1886 3375 1939 3441 
