C1 1348 1782 1404 1828 
C1 1851 1782 1899 1823 
C1 1851 1921 1902 1969 
C1 1843 2066 1906 2118 
C1 1855 2213 1904 2256 
C1 1847 2357 1902 2403 
C1 1853 2497 1901 2551 
C1 1853 2638 1907 2692 
C1 1855 2784 1906 2836 
C1 1856 2930 1902 2982 
C1 1858 3115 1901 3159 
C1 1351 3113 1404 3162 
C1 1356 2933 1407 2982 
C1 1350 2790 1410 2836 
C1 1351 2643 1407 2693 
C1 1353 2502 1404 2548 
C1 1356 2361 1404 2407 
C1 1360 2215 1406 2259 
C1 1351 2066 1401 2118 
C1 1355 1930 1404 1969 
IC1 1627 1770 1676 1825 
IC1 1627 3062 1681 3115 
