C1 1476 1736 1520 1785 
C1 1475 1960 1519 2005 
C1 1464 2137 1520 2186 
C1 1478 2317 1522 2368 
C1 1474 2500 1517 2545 
C1 1475 2685 1524 2730 
C1 1476 2867 1523 2914 
C1 1475 3047 1522 3095 
C1 1972 2864 2016 2914 
C1 1976 3048 2017 3091 
C1 1971 2688 2019 2729 
C1 1979 2502 2016 2548 
C1 1974 2320 2016 2369 
C1 1974 2141 2019 2184 
C1 1976 1957 2017 2000 
C1 1969 1737 2023 1785 
C2 1474 1574 1524 1629 
C2 1729 1581 1779 1626 
C2 1969 1579 2027 1633 
C2 2107 1582 2161 1626 
CC1 2106 1714 2157 1781 
CC1 2109 1936 2161 1998 
CC1 2109 2119 2165 2185 
CC1 2109 2298 2162 2365 
CC1 2107 2478 2160 2545 
CC1 2106 2657 2157 2726 
CC1 2109 2844 2158 2906 
CC1 2110 3027 2160 3093 
IC1 1726 3030 1782 3092 
